sent_id	token number	word	predicted head token number
GUM_academic_discrimination-1	1	the	2.0
GUM_academic_discrimination-1	2	prevalence	3.0
GUM_academic_discrimination-1	3	of	4.0
GUM_academic_discrimination-1	4	discrimination	5.0
GUM_academic_discrimination-1	5	across	6.0
GUM_academic_discrimination-1	6	racial	7.0
GUM_academic_discrimination-1	7	group	8.0
GUM_academic_discrimination-1	8	in	9.0
GUM_academic_discrimination-1	9	contemporary	10.0
GUM_academic_discrimination-1	10	America	11.0
GUM_academic_discrimination-1	11	:	
GUM_academic_discrimination-10	1	what	2.0
GUM_academic_discrimination-10	2	also	3.0
GUM_academic_discrimination-10	3	should	4.0
GUM_academic_discrimination-10	4	not	5.0
GUM_academic_discrimination-10	5	be	12.0
GUM_academic_discrimination-10	6	lose	7.0
GUM_academic_discrimination-10	7	in	8.0
GUM_academic_discrimination-10	8	discussion	9.0
GUM_academic_discrimination-10	9	of	25.0
GUM_academic_discrimination-10	10	discrimination	5.0
GUM_academic_discrimination-10	11	be	12.0
GUM_academic_discrimination-10	12	the	23.0
GUM_academic_discrimination-10	13	grow	14.0
GUM_academic_discrimination-10	14	push	15.0
GUM_academic_discrimination-10	15	to	16.0
GUM_academic_discrimination-10	16	implement	17.0
GUM_academic_discrimination-10	17	social	18.0
GUM_academic_discrimination-10	18	policy	19.0
GUM_academic_discrimination-10	19	aim	20.0
GUM_academic_discrimination-10	20	at	21.0
GUM_academic_discrimination-10	21	reduce	12.0
GUM_academic_discrimination-10	22	the	23.0
GUM_academic_discrimination-10	23	occurrence	9.0
GUM_academic_discrimination-10	24	of	25.0
GUM_academic_discrimination-10	25	discriminatory	26.0
GUM_academic_discrimination-10	26	practice	27.0
GUM_academic_discrimination-10	27	.	
GUM_academic_discrimination-11	1	mandatory	2.0
GUM_academic_discrimination-11	2	diversity	3.0
GUM_academic_discrimination-11	3	training	4.0
GUM_academic_discrimination-11	4	in	17.0
GUM_academic_discrimination-11	5	professional	6.0
GUM_academic_discrimination-11	6	setting	7.0
GUM_academic_discrimination-11	7	,	11.0
GUM_academic_discrimination-11	8	for	9.0
GUM_academic_discrimination-11	9	example	7.0
GUM_academic_discrimination-11	10	,	11.0
GUM_academic_discrimination-11	11	be	12.0
GUM_academic_discrimination-11	12	intend	13.0
GUM_academic_discrimination-11	13	to	14.0
GUM_academic_discrimination-11	14	reduce	15.0
GUM_academic_discrimination-11	15	bias	4.0
GUM_academic_discrimination-11	16	in	17.0
GUM_academic_discrimination-11	17	the	27.0
GUM_academic_discrimination-11	18	workplace	19.0
GUM_academic_discrimination-11	19	by	20.0
GUM_academic_discrimination-11	20	increase	17.0
GUM_academic_discrimination-11	21	the	27.0
GUM_academic_discrimination-11	22	awareness	23.0
GUM_academic_discrimination-11	23	of	24.0
GUM_academic_discrimination-11	24	employee	25.0
GUM_academic_discrimination-11	25	regard	17.0
GUM_academic_discrimination-11	26	the	27.0
GUM_academic_discrimination-11	27	challenge	28.0
GUM_academic_discrimination-11	28	face	29.0
GUM_academic_discrimination-11	29	minority	30.0
GUM_academic_discrimination-11	30	group	31.0
GUM_academic_discrimination-11	31	member	32.0
GUM_academic_discrimination-11	32	.	33.0
GUM_academic_discrimination-11	33	[	34.0
GUM_academic_discrimination-11	34	12	35.0
GUM_academic_discrimination-11	35	]	
GUM_academic_discrimination-12	1	indeed	2.0
GUM_academic_discrimination-12	2	,	26.0
GUM_academic_discrimination-12	3	the	12.0
GUM_academic_discrimination-12	4	implementation	5.0
GUM_academic_discrimination-12	5	of	6.0
GUM_academic_discrimination-12	6	certain	7.0
GUM_academic_discrimination-12	7	policy	8.0
GUM_academic_discrimination-12	8	be	2.0
GUM_academic_discrimination-12	9	root	10.0
GUM_academic_discrimination-12	10	in	28.0
GUM_academic_discrimination-12	11	the	12.0
GUM_academic_discrimination-12	12	assumption	13.0
GUM_academic_discrimination-12	13	that	14.0
GUM_academic_discrimination-12	14	discrimination	15.0
GUM_academic_discrimination-12	15	and	16.0
GUM_academic_discrimination-12	16	bias	8.0
GUM_academic_discrimination-12	17	be	2.0
GUM_academic_discrimination-12	18	,	26.0
GUM_academic_discrimination-12	19	at	20.0
GUM_academic_discrimination-12	20	least	21.0
GUM_academic_discrimination-12	21	to	22.0
GUM_academic_discrimination-12	22	some	23.0
GUM_academic_discrimination-12	23	appreciable	24.0
GUM_academic_discrimination-12	24	amount	2.0
GUM_academic_discrimination-12	25	,	26.0
GUM_academic_discrimination-12	26	present	10.0
GUM_academic_discrimination-12	27	in	28.0
GUM_academic_discrimination-12	28	modern	29.0
GUM_academic_discrimination-12	29	society	30.0
GUM_academic_discrimination-12	30	.	
GUM_academic_discrimination-13	1	even	2.0
GUM_academic_discrimination-13	2	so	3.0
GUM_academic_discrimination-13	3	,	4.0
GUM_academic_discrimination-13	4	estimate	5.0
GUM_academic_discrimination-13	5	of	9.0
GUM_academic_discrimination-13	6	the	7.0
GUM_academic_discrimination-13	7	prevalence	5.0
GUM_academic_discrimination-13	8	of	9.0
GUM_academic_discrimination-13	9	perceive	10.0
GUM_academic_discrimination-13	10	discrimination	11.0
GUM_academic_discrimination-13	11	remain	12.0
GUM_academic_discrimination-13	12	rare	13.0
GUM_academic_discrimination-13	13	(	14.0
GUM_academic_discrimination-13	14	see	15.0
GUM_academic_discrimination-13	15	[	16.0
GUM_academic_discrimination-13	16	13	17.0
GUM_academic_discrimination-13	17	-	18.0
GUM_academic_discrimination-13	18	14	19.0
GUM_academic_discrimination-13	19	]	20.0
GUM_academic_discrimination-13	20	)	21.0
GUM_academic_discrimination-13	21	.	
GUM_academic_discrimination-14	1	at	2.0
GUM_academic_discrimination-14	2	least	3.0
GUM_academic_discrimination-14	3	one	4.0
GUM_academic_discrimination-14	4	prior	5.0
GUM_academic_discrimination-14	5	study	6.0
GUM_academic_discrimination-14	6	by	7.0
GUM_academic_discrimination-14	7	Kessler	8.0
GUM_academic_discrimination-14	8	and	9.0
GUM_academic_discrimination-14	9	colleague	10.0
GUM_academic_discrimination-14	10	[	47.0
GUM_academic_discrimination-14	11	15	12.0
GUM_academic_discrimination-14	12	]	49.0
GUM_academic_discrimination-14	13	,	43.0
GUM_academic_discrimination-14	14	however	13.0
GUM_academic_discrimination-14	15	,	43.0
GUM_academic_discrimination-14	16	use	17.0
GUM_academic_discrimination-14	17	measure	18.0
GUM_academic_discrimination-14	18	of	20.0
GUM_academic_discrimination-14	19	perceive	20.0
GUM_academic_discrimination-14	20	discrimination	39.0
GUM_academic_discrimination-14	21	in	22.0
GUM_academic_discrimination-14	22	a	23.0
GUM_academic_discrimination-14	23	large	24.0
GUM_academic_discrimination-14	24	American	25.0
GUM_academic_discrimination-14	25	sample	13.0
GUM_academic_discrimination-14	26	,	43.0
GUM_academic_discrimination-14	27	report	35.0
GUM_academic_discrimination-14	28	that	29.0
GUM_academic_discrimination-14	29	approximately	30.0
GUM_academic_discrimination-14	30	33	31.0
GUM_academic_discrimination-14	31	%	18.0
GUM_academic_discrimination-14	32	of	20.0
GUM_academic_discrimination-14	33	respondent	27.0
GUM_academic_discrimination-14	34	report	35.0
GUM_academic_discrimination-14	35	some	36.0
GUM_academic_discrimination-14	36	form	18.0
GUM_academic_discrimination-14	37	of	20.0
GUM_academic_discrimination-14	38	discrimination	39.0
GUM_academic_discrimination-14	39	(	40.0
GUM_academic_discrimination-14	40	see	41.0
GUM_academic_discrimination-14	41	also	13.0
GUM_academic_discrimination-14	42	,	43.0
GUM_academic_discrimination-14	43	Gibbons	44.0
GUM_academic_discrimination-14	44	et	45.0
GUM_academic_discrimination-14	45	al.	10.0
GUM_academic_discrimination-14	46	[	47.0
GUM_academic_discrimination-14	47	4	12.0
GUM_academic_discrimination-14	48	]	49.0
GUM_academic_discrimination-14	49	)	50.0
GUM_academic_discrimination-14	50	.	
GUM_academic_discrimination-15	1	the	28.0
GUM_academic_discrimination-15	2	current	3.0
GUM_academic_discrimination-15	3	study	4.0
GUM_academic_discrimination-15	4	seek	5.0
GUM_academic_discrimination-15	5	to	6.0
GUM_academic_discrimination-15	6	build	7.0
GUM_academic_discrimination-15	7	on	8.0
GUM_academic_discrimination-15	8	this	9.0
GUM_academic_discrimination-15	9	research	10.0
GUM_academic_discrimination-15	10	by	11.0
GUM_academic_discrimination-15	11	estimate	1.0
GUM_academic_discrimination-15	12	the	28.0
GUM_academic_discrimination-15	13	prevalence	14.0
GUM_academic_discrimination-15	14	of	25.0
GUM_academic_discrimination-15	15	discrimination	16.0
GUM_academic_discrimination-15	16	experience	17.0
GUM_academic_discrimination-15	17	among	18.0
GUM_academic_discrimination-15	18	a	19.0
GUM_academic_discrimination-15	19	large	20.0
GUM_academic_discrimination-15	20	,	21.0
GUM_academic_discrimination-15	21	nationally	22.0
GUM_academic_discrimination-15	22	representative	23.0
GUM_academic_discrimination-15	23	sample	14.0
GUM_academic_discrimination-15	24	of	25.0
GUM_academic_discrimination-15	25	adult	26.0
GUM_academic_discrimination-15	26	from	1.0
GUM_academic_discrimination-15	27	the	28.0
GUM_academic_discrimination-15	28	Unite	29.0
GUM_academic_discrimination-15	29	State	30.0
GUM_academic_discrimination-15	30	.	
GUM_academic_discrimination-16	1	additionally	2.0
GUM_academic_discrimination-16	2	,	3.0
GUM_academic_discrimination-16	3	the	7.0
GUM_academic_discrimination-16	4	analysis	5.0
GUM_academic_discrimination-16	5	address	3.0
GUM_academic_discrimination-16	6	the	7.0
GUM_academic_discrimination-16	7	perceive	8.0
GUM_academic_discrimination-16	8	reason	9.0
GUM_academic_discrimination-16	9	for	10.0
GUM_academic_discrimination-16	10	report	11.0
GUM_academic_discrimination-16	11	discrimination	12.0
GUM_academic_discrimination-16	12	experience	13.0
GUM_academic_discrimination-16	13	.	
GUM_academic_discrimination-17	1	reason	2.0
GUM_academic_discrimination-17	2	for	3.0
GUM_academic_discrimination-17	3	discrimination	4.0
GUM_academic_discrimination-17	4	.	
GUM_academic_discrimination-18	1	all	2.0
GUM_academic_discrimination-18	2	respondent	3.0
GUM_academic_discrimination-18	3	who	14.0
GUM_academic_discrimination-18	4	indicate	5.0
GUM_academic_discrimination-18	5	they	6.0
GUM_academic_discrimination-18	6	be	28.0
GUM_academic_discrimination-18	7	discriminate	8.0
GUM_academic_discrimination-18	8	against	9.0
GUM_academic_discrimination-18	9	—	6.0
GUM_academic_discrimination-18	10	specifically	11.0
GUM_academic_discrimination-18	11	,	12.0
GUM_academic_discrimination-18	12	that	3.0
GUM_academic_discrimination-18	13	who	14.0
GUM_academic_discrimination-18	14	respond	15.0
GUM_academic_discrimination-18	15	with	16.0
GUM_academic_discrimination-18	16	sometimes	17.0
GUM_academic_discrimination-18	17	or	18.0
GUM_academic_discrimination-18	18	often	19.0
GUM_academic_discrimination-18	19	to	20.0
GUM_academic_discrimination-18	20	the	30.0
GUM_academic_discrimination-18	21	perceive	22.0
GUM_academic_discrimination-18	22	discrimination	23.0
GUM_academic_discrimination-18	23	measure	24.0
GUM_academic_discrimination-18	24	describe	25.0
GUM_academic_discrimination-18	25	above	9.0
GUM_academic_discrimination-18	26	—	6.0
GUM_academic_discrimination-18	27	be	28.0
GUM_academic_discrimination-18	28	ask	20.0
GUM_academic_discrimination-18	29	the	30.0
GUM_academic_discrimination-18	30	follow	31.0
GUM_academic_discrimination-18	31	question	32.0
GUM_academic_discrimination-18	32	:	
GUM_academic_discrimination-19	1	''	2.0
GUM_academic_discrimination-19	2	what	3.0
GUM_academic_discrimination-19	3	do	4.0
GUM_academic_discrimination-19	4	you	5.0
GUM_academic_discrimination-19	5	think	6.0
GUM_academic_discrimination-19	6	be	7.0
GUM_academic_discrimination-19	7	the	8.0
GUM_academic_discrimination-19	8	main	9.0
GUM_academic_discrimination-19	9	reason	10.0
GUM_academic_discrimination-19	10	for	11.0
GUM_academic_discrimination-19	11	this	12.0
GUM_academic_discrimination-19	12	experience	13.0
GUM_academic_discrimination-19	13	?	1.0
GUM_academic_discrimination-19	14	''	2.0
GUM_academic_discrimination-2	1	result	2.0
GUM_academic_discrimination-2	2	from	3.0
GUM_academic_discrimination-2	3	a	4.0
GUM_academic_discrimination-2	4	nationally	5.0
GUM_academic_discrimination-2	5	representative	6.0
GUM_academic_discrimination-2	6	sample	7.0
GUM_academic_discrimination-2	7	of	8.0
GUM_academic_discrimination-2	8	adult	
GUM_academic_discrimination-20	1	respondent	2.0
GUM_academic_discrimination-20	2	be	3.0
GUM_academic_discrimination-20	3	allow	4.0
GUM_academic_discrimination-20	4	to	5.0
GUM_academic_discrimination-20	5	choose	6.0
GUM_academic_discrimination-20	6	one	7.0
GUM_academic_discrimination-20	7	response	8.0
GUM_academic_discrimination-20	8	from	9.0
GUM_academic_discrimination-20	9	11	10.0
GUM_academic_discrimination-20	10	category	11.0
GUM_academic_discrimination-20	11	.	
GUM_academic_discrimination-21	1	for	2.0
GUM_academic_discrimination-21	2	the	17.0
GUM_academic_discrimination-21	3	present	4.0
GUM_academic_discrimination-21	4	analysis	5.0
GUM_academic_discrimination-21	5	,	6.0
GUM_academic_discrimination-21	6	this	7.0
GUM_academic_discrimination-21	7	response	8.0
GUM_academic_discrimination-21	8	be	9.0
GUM_academic_discrimination-21	9	recode	10.0
GUM_academic_discrimination-21	10	into	11.0
GUM_academic_discrimination-21	11	nine	12.0
GUM_academic_discrimination-21	12	mutually	13.0
GUM_academic_discrimination-21	13	exclusive	14.0
GUM_academic_discrimination-21	14	category	15.0
GUM_academic_discrimination-21	15	capture	2.0
GUM_academic_discrimination-21	16	the	17.0
GUM_academic_discrimination-21	17	follow	18.0
GUM_academic_discrimination-21	18	option	19.0
GUM_academic_discrimination-21	19	:	
GUM_academic_discrimination-22	1	race	2.0
GUM_academic_discrimination-22	2	/	5.0
GUM_academic_discrimination-22	3	ancestry	2.0
GUM_academic_discrimination-22	4	/	5.0
GUM_academic_discrimination-22	5	skin	6.0
GUM_academic_discrimination-22	6	color	7.0
GUM_academic_discrimination-22	7	;	
GUM_academic_discrimination-23	1	gender	2.0
GUM_academic_discrimination-23	2	;	
GUM_academic_discrimination-24	1	age	2.0
GUM_academic_discrimination-24	2	;	
GUM_academic_discrimination-25	1	religion	2.0
GUM_academic_discrimination-25	2	;	
GUM_academic_discrimination-26	1	height	2.0
GUM_academic_discrimination-26	2	or	3.0
GUM_academic_discrimination-26	3	weight	4.0
GUM_academic_discrimination-26	4	;	
GUM_academic_discrimination-27	1	sexual	2.0
GUM_academic_discrimination-27	2	orientation	3.0
GUM_academic_discrimination-27	3	;	
GUM_academic_discrimination-28	1	education	2.0
GUM_academic_discrimination-28	2	or	3.0
GUM_academic_discrimination-28	3	income	4.0
GUM_academic_discrimination-28	4	;	
GUM_academic_discrimination-29	1	physical	2.0
GUM_academic_discrimination-29	2	disability	3.0
GUM_academic_discrimination-29	3	;	
GUM_academic_discrimination-3	1	introduction	2.0
GUM_academic_discrimination-3	2	.	
GUM_academic_discrimination-30	1	and	2.0
GUM_academic_discrimination-30	2	other	3.0
GUM_academic_discrimination-30	3	.	
GUM_academic_discrimination-31	1	the	15.0
GUM_academic_discrimination-31	2	follow	3.0
GUM_academic_discrimination-31	3	category	13.0
GUM_academic_discrimination-31	4	from	1.0
GUM_academic_discrimination-31	5	the	15.0
GUM_academic_discrimination-31	6	original	7.0
GUM_academic_discrimination-31	7	questionnaire	8.0
GUM_academic_discrimination-31	8	be	9.0
GUM_academic_discrimination-31	9	collapse	10.0
GUM_academic_discrimination-31	10	into	11.0
GUM_academic_discrimination-31	11	one	3.0
GUM_academic_discrimination-31	12	category	13.0
GUM_academic_discrimination-31	13	for	1.0
GUM_academic_discrimination-31	14	the	15.0
GUM_academic_discrimination-31	15	analysis	16.0
GUM_academic_discrimination-31	16	:	17.0
GUM_academic_discrimination-31	17	race	18.0
GUM_academic_discrimination-31	18	;	24.0
GUM_academic_discrimination-31	19	ancestry	20.0
GUM_academic_discrimination-31	20	or	21.0
GUM_academic_discrimination-31	21	national	22.0
GUM_academic_discrimination-31	22	origin	18.0
GUM_academic_discrimination-31	23	;	24.0
GUM_academic_discrimination-31	24	and	25.0
GUM_academic_discrimination-31	25	shade	26.0
GUM_academic_discrimination-31	26	of	27.0
GUM_academic_discrimination-31	27	skin	28.0
GUM_academic_discrimination-31	28	color	29.0
GUM_academic_discrimination-31	29	.	
GUM_academic_discrimination-32	1	additionally	2.0
GUM_academic_discrimination-32	2	,	17.0
GUM_academic_discrimination-32	3	because	4.0
GUM_academic_discrimination-32	4	this	5.0
GUM_academic_discrimination-32	5	question	6.0
GUM_academic_discrimination-32	6	be	7.0
GUM_academic_discrimination-32	7	only	8.0
GUM_academic_discrimination-32	8	ask	9.0
GUM_academic_discrimination-32	9	of	29.0
GUM_academic_discrimination-32	10	respondent	11.0
GUM_academic_discrimination-32	11	who	12.0
GUM_academic_discrimination-32	12	report	13.0
GUM_academic_discrimination-32	13	prior	14.0
GUM_academic_discrimination-32	14	discrimination	15.0
GUM_academic_discrimination-32	15	experience	2.0
GUM_academic_discrimination-32	16	,	17.0
GUM_academic_discrimination-32	17	the	18.0
GUM_academic_discrimination-32	18	build	19.0
GUM_academic_discrimination-32	19	-	20.0
GUM_academic_discrimination-32	20	in	25.0
GUM_academic_discrimination-32	21	skip	36.0
GUM_academic_discrimination-32	22	pattern	23.0
GUM_academic_discrimination-32	23	result	20.0
GUM_academic_discrimination-32	24	in	25.0
GUM_academic_discrimination-32	25	a	26.0
GUM_academic_discrimination-32	26	large	27.0
GUM_academic_discrimination-32	27	number	9.0
GUM_academic_discrimination-32	28	of	29.0
GUM_academic_discrimination-32	29	case	30.0
GUM_academic_discrimination-32	30	score	31.0
GUM_academic_discrimination-32	31	as	32.0
GUM_academic_discrimination-32	32	missing	33.0
GUM_academic_discrimination-32	33	(	34.0
GUM_academic_discrimination-32	34	legitimate	21.0
GUM_academic_discrimination-32	35	skip	36.0
GUM_academic_discrimination-32	36	)	37.0
GUM_academic_discrimination-32	37	.	
GUM_academic_discrimination-33	1	respondent	2.0
GUM_academic_discrimination-33	2	race	3.0
GUM_academic_discrimination-33	3	.	
GUM_academic_discrimination-34	1	because	2.0
GUM_academic_discrimination-34	2	a	3.0
GUM_academic_discrimination-34	3	race	4.0
GUM_academic_discrimination-34	4	variable	5.0
GUM_academic_discrimination-34	5	be	6.0
GUM_academic_discrimination-34	6	not	7.0
GUM_academic_discrimination-34	7	available	8.0
GUM_academic_discrimination-34	8	from	9.0
GUM_academic_discrimination-34	9	the	10.0
GUM_academic_discrimination-34	10	Wave	26.0
GUM_academic_discrimination-34	11	4	12.0
GUM_academic_discrimination-34	12	interview	28.0
GUM_academic_discrimination-34	13	,	14.0
GUM_academic_discrimination-34	14	we	15.0
GUM_academic_discrimination-34	15	use	9.0
GUM_academic_discrimination-34	16	the	10.0
GUM_academic_discrimination-34	17	racial	18.0
GUM_academic_discrimination-34	18	category	19.0
GUM_academic_discrimination-34	19	report	20.0
GUM_academic_discrimination-34	20	by	9.0
GUM_academic_discrimination-34	21	the	10.0
GUM_academic_discrimination-34	22	respondent	23.0
GUM_academic_discrimination-34	23	during	9.0
GUM_academic_discrimination-34	24	the	10.0
GUM_academic_discrimination-34	25	Wave	26.0
GUM_academic_discrimination-34	26	1	12.0
GUM_academic_discrimination-34	27	interview	28.0
GUM_academic_discrimination-34	28	.	
GUM_academic_discrimination-35	1	Wave	11.0
GUM_academic_discrimination-35	2	1	3.0
GUM_academic_discrimination-35	3	race	4.0
GUM_academic_discrimination-35	4	—	14.0
GUM_academic_discrimination-35	5	rather	6.0
GUM_academic_discrimination-35	6	than	7.0
GUM_academic_discrimination-35	7	,	1.0
GUM_academic_discrimination-35	8	say	7.0
GUM_academic_discrimination-35	9	,	1.0
GUM_academic_discrimination-35	10	Wave	11.0
GUM_academic_discrimination-35	11	3	3.0
GUM_academic_discrimination-35	12	race	4.0
GUM_academic_discrimination-35	13	—	14.0
GUM_academic_discrimination-35	14	be	15.0
GUM_academic_discrimination-35	15	use	16.0
GUM_academic_discrimination-35	16	to	17.0
GUM_academic_discrimination-35	17	preserve	18.0
GUM_academic_discrimination-35	18	case	19.0
GUM_academic_discrimination-35	19	count	20.0
GUM_academic_discrimination-35	20	.	
GUM_academic_discrimination-36	1	the	9.0
GUM_academic_discrimination-36	2	logic	3.0
GUM_academic_discrimination-36	3	be	25.0
GUM_academic_discrimination-36	4	that	5.0
GUM_academic_discrimination-36	5	(	6.0
GUM_academic_discrimination-36	6	nearly	7.0
GUM_academic_discrimination-36	7	)	8.0
GUM_academic_discrimination-36	8	all	22.0
GUM_academic_discrimination-36	9	Wave	28.0
GUM_academic_discrimination-36	10	4	11.0
GUM_academic_discrimination-36	11	respondent	12.0
GUM_academic_discrimination-36	12	appear	13.0
GUM_academic_discrimination-36	13	in	1.0
GUM_academic_discrimination-36	14	the	9.0
GUM_academic_discrimination-36	15	Wave	28.0
GUM_academic_discrimination-36	16	1	17.0
GUM_academic_discrimination-36	17	sample	18.0
GUM_academic_discrimination-36	18	,	19.0
GUM_academic_discrimination-36	19	but	20.0
GUM_academic_discrimination-36	20	not	8.0
GUM_academic_discrimination-36	21	all	22.0
GUM_academic_discrimination-36	22	would	23.0
GUM_academic_discrimination-36	23	have	3.0
GUM_academic_discrimination-36	24	be	25.0
GUM_academic_discrimination-36	25	interview	26.0
GUM_academic_discrimination-36	26	at	9.0
GUM_academic_discrimination-36	27	Wave	28.0
GUM_academic_discrimination-36	28	3	29.0
GUM_academic_discrimination-36	29	due	30.0
GUM_academic_discrimination-36	30	to	31.0
GUM_academic_discrimination-36	31	differential	32.0
GUM_academic_discrimination-36	32	pattern	33.0
GUM_academic_discrimination-36	33	of	34.0
GUM_academic_discrimination-36	34	temporary	35.0
GUM_academic_discrimination-36	35	attrition	36.0
GUM_academic_discrimination-36	36	.	
GUM_academic_discrimination-37	1	respondent	2.0
GUM_academic_discrimination-37	2	be	3.0
GUM_academic_discrimination-37	3	ask	4.0
GUM_academic_discrimination-37	4	to	5.0
GUM_academic_discrimination-37	5	indicate	6.0
GUM_academic_discrimination-37	6	their	7.0
GUM_academic_discrimination-37	7	race	8.0
GUM_academic_discrimination-37	8	from	9.0
GUM_academic_discrimination-37	9	among	10.0
GUM_academic_discrimination-37	10	the	11.0
GUM_academic_discrimination-37	11	follow	12.0
GUM_academic_discrimination-37	12	category	13.0
GUM_academic_discrimination-37	13	:	14.0
GUM_academic_discrimination-37	14	White	15.0
GUM_academic_discrimination-37	15	;	29.0
GUM_academic_discrimination-37	16	Black	17.0
GUM_academic_discrimination-37	17	or	32.0
GUM_academic_discrimination-37	18	African	19.0
GUM_academic_discrimination-37	19	American	15.0
GUM_academic_discrimination-37	20	;	29.0
GUM_academic_discrimination-37	21	Hispanic	15.0
GUM_academic_discrimination-37	22	;	29.0
GUM_academic_discrimination-37	23	American	15.0
GUM_academic_discrimination-37	24	Indian	17.0
GUM_academic_discrimination-37	25	or	32.0
GUM_academic_discrimination-37	26	Native	19.0
GUM_academic_discrimination-37	27	American	15.0
GUM_academic_discrimination-37	28	;	29.0
GUM_academic_discrimination-37	29	and	30.0
GUM_academic_discrimination-37	30	Asian	17.0
GUM_academic_discrimination-37	31	or	32.0
GUM_academic_discrimination-37	32	Pacific	33.0
GUM_academic_discrimination-37	33	Islander	34.0
GUM_academic_discrimination-37	34	.	
GUM_academic_discrimination-38	1	respondent	2.0
GUM_academic_discrimination-38	2	be	18.0
GUM_academic_discrimination-38	3	provide	4.0
GUM_academic_discrimination-38	4	the	5.0
GUM_academic_discrimination-38	5	opportunity	6.0
GUM_academic_discrimination-38	6	to	7.0
GUM_academic_discrimination-38	7	select	8.0
GUM_academic_discrimination-38	8	more	9.0
GUM_academic_discrimination-38	9	than	10.0
GUM_academic_discrimination-38	10	one	11.0
GUM_academic_discrimination-38	11	race	12.0
GUM_academic_discrimination-38	12	,	13.0
GUM_academic_discrimination-38	13	and	14.0
GUM_academic_discrimination-38	14	that	15.0
GUM_academic_discrimination-38	15	who	16.0
GUM_academic_discrimination-38	16	do	2.0
GUM_academic_discrimination-38	17	be	18.0
GUM_academic_discrimination-38	18	ask	19.0
GUM_academic_discrimination-38	19	a	20.0
GUM_academic_discrimination-38	20	follow	21.0
GUM_academic_discrimination-38	21	-	22.0
GUM_academic_discrimination-38	22	up	23.0
GUM_academic_discrimination-38	23	question	24.0
GUM_academic_discrimination-38	24	regard	25.0
GUM_academic_discrimination-38	25	which	26.0
GUM_academic_discrimination-38	26	category	27.0
GUM_academic_discrimination-38	27	well	28.0
GUM_academic_discrimination-38	28	describe	29.0
GUM_academic_discrimination-38	29	their	30.0
GUM_academic_discrimination-38	30	racial	31.0
GUM_academic_discrimination-38	31	background	32.0
GUM_academic_discrimination-38	32	.	
GUM_academic_discrimination-39	1	in	2.0
GUM_academic_discrimination-39	2	the	3.0
GUM_academic_discrimination-39	3	current	4.0
GUM_academic_discrimination-39	4	study	5.0
GUM_academic_discrimination-39	5	,	6.0
GUM_academic_discrimination-39	6	that	7.0
GUM_academic_discrimination-39	7	respondent	8.0
GUM_academic_discrimination-39	8	who	9.0
GUM_academic_discrimination-39	9	indicate	10.0
GUM_academic_discrimination-39	10	more	11.0
GUM_academic_discrimination-39	11	than	12.0
GUM_academic_discrimination-39	12	one	13.0
GUM_academic_discrimination-39	13	race	17.0
GUM_academic_discrimination-39	14	be	15.0
GUM_academic_discrimination-39	15	code	16.0
GUM_academic_discrimination-39	16	as	17.0
GUM_academic_discrimination-39	17	''	21.0
GUM_academic_discrimination-39	18	mix	13.0
GUM_academic_discrimination-39	19	race	17.0
GUM_academic_discrimination-39	20	''	21.0
GUM_academic_discrimination-39	21	.	
GUM_academic_discrimination-4	1	personal	2.0
GUM_academic_discrimination-4	2	experience	3.0
GUM_academic_discrimination-4	3	of	12.0
GUM_academic_discrimination-4	4	discrimination	5.0
GUM_academic_discrimination-4	5	and	6.0
GUM_academic_discrimination-4	6	bias	7.0
GUM_academic_discrimination-4	7	have	8.0
GUM_academic_discrimination-4	8	be	9.0
GUM_academic_discrimination-4	9	the	10.0
GUM_academic_discrimination-4	10	focus	3.0
GUM_academic_discrimination-4	11	of	12.0
GUM_academic_discrimination-4	12	much	13.0
GUM_academic_discrimination-4	13	social	14.0
GUM_academic_discrimination-4	14	science	15.0
GUM_academic_discrimination-4	15	research	16.0
GUM_academic_discrimination-4	16	.	17.0
GUM_academic_discrimination-4	17	[	18.0
GUM_academic_discrimination-4	18	1	19.0
GUM_academic_discrimination-4	19	-	20.0
GUM_academic_discrimination-4	20	3	21.0
GUM_academic_discrimination-4	21	]	
GUM_academic_discrimination-40	1	demographic	2.0
GUM_academic_discrimination-40	2	variable	3.0
GUM_academic_discrimination-40	3	.	
GUM_academic_discrimination-41	1	to	2.0
GUM_academic_discrimination-41	2	provide	3.0
GUM_academic_discrimination-41	3	information	4.0
GUM_academic_discrimination-41	4	on	5.0
GUM_academic_discrimination-41	5	the	6.0
GUM_academic_discrimination-41	6	analytical	7.0
GUM_academic_discrimination-41	7	sample	8.0
GUM_academic_discrimination-41	8	as	9.0
GUM_academic_discrimination-41	9	a	10.0
GUM_academic_discrimination-41	10	whole	11.0
GUM_academic_discrimination-41	11	,	12.0
GUM_academic_discrimination-41	12	two	13.0
GUM_academic_discrimination-41	13	additional	14.0
GUM_academic_discrimination-41	14	demographic	15.0
GUM_academic_discrimination-41	15	variable	16.0
GUM_academic_discrimination-41	16	be	17.0
GUM_academic_discrimination-41	17	include	18.0
GUM_academic_discrimination-41	18	.	
GUM_academic_discrimination-42	1	first	2.0
GUM_academic_discrimination-42	2	,	3.0
GUM_academic_discrimination-42	3	age	4.0
GUM_academic_discrimination-42	4	be	5.0
GUM_academic_discrimination-42	5	a	6.0
GUM_academic_discrimination-42	6	continuous	7.0
GUM_academic_discrimination-42	7	measure	8.0
GUM_academic_discrimination-42	8	create	9.0
GUM_academic_discrimination-42	9	by	10.0
GUM_academic_discrimination-42	10	subtract	11.0
GUM_academic_discrimination-42	11	the	29.0
GUM_academic_discrimination-42	12	year	13.0
GUM_academic_discrimination-42	13	of	11.0
GUM_academic_discrimination-42	14	the	29.0
GUM_academic_discrimination-42	15	respondent	16.0
GUM_academic_discrimination-42	16	's	17.0
GUM_academic_discrimination-42	17	birth	18.0
GUM_academic_discrimination-42	18	(	19.0
GUM_academic_discrimination-42	19	obtain	20.0
GUM_academic_discrimination-42	20	from	11.0
GUM_academic_discrimination-42	21	Wave	32.0
GUM_academic_discrimination-42	22	1	23.0
GUM_academic_discrimination-42	23	)	20.0
GUM_academic_discrimination-42	24	from	11.0
GUM_academic_discrimination-42	25	the	29.0
GUM_academic_discrimination-42	26	year	13.0
GUM_academic_discrimination-42	27	of	11.0
GUM_academic_discrimination-42	28	the	29.0
GUM_academic_discrimination-42	29	interview	30.0
GUM_academic_discrimination-42	30	at	21.0
GUM_academic_discrimination-42	31	Wave	32.0
GUM_academic_discrimination-42	32	4	33.0
GUM_academic_discrimination-42	33	.	
GUM_academic_discrimination-43	1	second	2.0
GUM_academic_discrimination-43	2	,	3.0
GUM_academic_discrimination-43	3	sex	14.0
GUM_academic_discrimination-43	4	be	5.0
GUM_academic_discrimination-43	5	dichotomously	6.0
GUM_academic_discrimination-43	6	code	7.0
GUM_academic_discrimination-43	7	base	8.0
GUM_academic_discrimination-43	8	on	9.0
GUM_academic_discrimination-43	9	the	16.0
GUM_academic_discrimination-43	10	self	11.0
GUM_academic_discrimination-43	11	-	12.0
GUM_academic_discrimination-43	12	report	3.0
GUM_academic_discrimination-43	13	sex	14.0
GUM_academic_discrimination-43	14	of	9.0
GUM_academic_discrimination-43	15	the	16.0
GUM_academic_discrimination-43	16	respondent	17.0
GUM_academic_discrimination-43	17	at	18.0
GUM_academic_discrimination-43	18	Wave	19.0
GUM_academic_discrimination-43	19	4	20.0
GUM_academic_discrimination-43	20	(	21.0
GUM_academic_discrimination-43	21	0	22.0
GUM_academic_discrimination-43	22	=	27.0
GUM_academic_discrimination-43	23	female	24.0
GUM_academic_discrimination-43	24	and	25.0
GUM_academic_discrimination-43	25	1	22.0
GUM_academic_discrimination-43	26	=	27.0
GUM_academic_discrimination-43	27	male	28.0
GUM_academic_discrimination-43	28	)	29.0
GUM_academic_discrimination-43	29	.	
GUM_academic_discrimination-44	1	analytical	2.0
GUM_academic_discrimination-44	2	plan	3.0
GUM_academic_discrimination-44	3	.	
GUM_academic_discrimination-45	1	our	2.0
GUM_academic_discrimination-45	2	exploratory	3.0
GUM_academic_discrimination-45	3	study	4.0
GUM_academic_discrimination-45	4	include	5.0
GUM_academic_discrimination-45	5	three	6.0
GUM_academic_discrimination-45	6	basic	7.0
GUM_academic_discrimination-45	7	step	8.0
GUM_academic_discrimination-45	8	.	
GUM_academic_discrimination-46	1	first	2.0
GUM_academic_discrimination-46	2	,	3.0
GUM_academic_discrimination-46	3	summary	4.0
GUM_academic_discrimination-46	4	statistic	5.0
GUM_academic_discrimination-46	5	of	6.0
GUM_academic_discrimination-46	6	the	7.0
GUM_academic_discrimination-46	7	study	8.0
GUM_academic_discrimination-46	8	variable	9.0
GUM_academic_discrimination-46	9	and	10.0
GUM_academic_discrimination-46	10	racial	11.0
GUM_academic_discrimination-46	11	category	12.0
GUM_academic_discrimination-46	12	be	13.0
GUM_academic_discrimination-46	13	produce	14.0
GUM_academic_discrimination-46	14	.	
GUM_academic_discrimination-47	1	second	2.0
GUM_academic_discrimination-47	2	,	3.0
GUM_academic_discrimination-47	3	we	4.0
GUM_academic_discrimination-47	4	examine	5.0
GUM_academic_discrimination-47	5	the	10.0
GUM_academic_discrimination-47	6	relative	7.0
GUM_academic_discrimination-47	7	proportion	8.0
GUM_academic_discrimination-47	8	of	5.0
GUM_academic_discrimination-47	9	the	10.0
GUM_academic_discrimination-47	10	two	11.0
GUM_academic_discrimination-47	11	discrimination	12.0
GUM_academic_discrimination-47	12	experience	13.0
GUM_academic_discrimination-47	13	measure	14.0
GUM_academic_discrimination-47	14	across	15.0
GUM_academic_discrimination-47	15	each	16.0
GUM_academic_discrimination-47	16	racial	17.0
GUM_academic_discrimination-47	17	category	18.0
GUM_academic_discrimination-47	18	.	
GUM_academic_discrimination-48	1	finally	2.0
GUM_academic_discrimination-48	2	,	3.0
GUM_academic_discrimination-48	3	we	4.0
GUM_academic_discrimination-48	4	assess	5.0
GUM_academic_discrimination-48	5	the	14.0
GUM_academic_discrimination-48	6	distribution	7.0
GUM_academic_discrimination-48	7	of	8.0
GUM_academic_discrimination-48	8	report	9.0
GUM_academic_discrimination-48	9	reason	10.0
GUM_academic_discrimination-48	10	for	11.0
GUM_academic_discrimination-48	11	discrimination	12.0
GUM_academic_discrimination-48	12	across	5.0
GUM_academic_discrimination-48	13	the	14.0
GUM_academic_discrimination-48	14	racial	15.0
GUM_academic_discrimination-48	15	category	16.0
GUM_academic_discrimination-48	16	.	
GUM_academic_discrimination-49	1	in	9.0
GUM_academic_discrimination-49	2	order	3.0
GUM_academic_discrimination-49	3	to	4.0
GUM_academic_discrimination-49	4	examine	5.0
GUM_academic_discrimination-49	5	potential	6.0
GUM_academic_discrimination-49	6	bivariate	7.0
GUM_academic_discrimination-49	7	association	8.0
GUM_academic_discrimination-49	8	,	9.0
GUM_academic_discrimination-49	9	the	35.0
GUM_academic_discrimination-49	10	adjust	11.0
GUM_academic_discrimination-49	11	F	18.0
GUM_academic_discrimination-49	12	statistic	13.0
GUM_academic_discrimination-49	13	(	14.0
GUM_academic_discrimination-49	14	design	29.0
GUM_academic_discrimination-49	15	-	16.0
GUM_academic_discrimination-49	16	base	11.0
GUM_academic_discrimination-49	17	F	18.0
GUM_academic_discrimination-49	18	)	19.0
GUM_academic_discrimination-49	19	be	20.0
GUM_academic_discrimination-49	20	employ	21.0
GUM_academic_discrimination-49	21	as	31.0
GUM_academic_discrimination-49	22	it	23.0
GUM_academic_discrimination-49	23	correct	24.0
GUM_academic_discrimination-49	24	for	25.0
GUM_academic_discrimination-49	25	a	26.0
GUM_academic_discrimination-49	26	complex	27.0
GUM_academic_discrimination-49	27	sample	14.0
GUM_academic_discrimination-49	28	design	29.0
GUM_academic_discrimination-49	29	such	21.0
GUM_academic_discrimination-49	30	as	31.0
GUM_academic_discrimination-49	31	that	32.0
GUM_academic_discrimination-49	32	use	1.0
GUM_academic_discrimination-49	33	in	9.0
GUM_academic_discrimination-49	34	the	35.0
GUM_academic_discrimination-49	35	Add	36.0
GUM_academic_discrimination-49	36	Health	37.0
GUM_academic_discrimination-49	37	.	38.0
GUM_academic_discrimination-49	38	[	39.0
GUM_academic_discrimination-49	39	21	40.0
GUM_academic_discrimination-49	40	]	
GUM_academic_discrimination-5	1	sociologist	2.0
GUM_academic_discrimination-5	2	have	3.0
GUM_academic_discrimination-5	3	explore	4.0
GUM_academic_discrimination-5	4	the	5.0
GUM_academic_discrimination-5	5	adverse	6.0
GUM_academic_discrimination-5	6	consequence	7.0
GUM_academic_discrimination-5	7	of	8.0
GUM_academic_discrimination-5	8	discrimination	9.0
GUM_academic_discrimination-5	9	[	10.0
GUM_academic_discrimination-5	10	3	11.0
GUM_academic_discrimination-5	11	-	12.0
GUM_academic_discrimination-5	12	5	13.0
GUM_academic_discrimination-5	13	]	14.0
GUM_academic_discrimination-5	14	;	
GUM_academic_discrimination-50	1	more	2.0
GUM_academic_discrimination-50	2	specifically	3.0
GUM_academic_discrimination-50	3	,	52.0
GUM_academic_discrimination-50	4	when	5.0
GUM_academic_discrimination-50	5	analyze	6.0
GUM_academic_discrimination-50	6	weight	7.0
GUM_academic_discrimination-50	7	sample	8.0
GUM_academic_discrimination-50	8	datum	9.0
GUM_academic_discrimination-50	9	employ	10.0
GUM_academic_discrimination-50	10	the	18.0
GUM_academic_discrimination-50	11	svy	12.0
GUM_academic_discrimination-50	12	suite	13.0
GUM_academic_discrimination-50	13	of	36.0
GUM_academic_discrimination-50	14	command	15.0
GUM_academic_discrimination-50	15	in	16.0
GUM_academic_discrimination-50	16	Stata	10.0
GUM_academic_discrimination-50	17	the	18.0
GUM_academic_discrimination-50	18	conventional	19.0
GUM_academic_discrimination-50	19	Pearson	20.0
GUM_academic_discrimination-50	20	χ2	21.0
GUM_academic_discrimination-50	21	statistic	32.0
GUM_academic_discrimination-50	22	test	13.0
GUM_academic_discrimination-50	23	of	36.0
GUM_academic_discrimination-50	24	independence	25.0
GUM_academic_discrimination-50	25	be	26.0
GUM_academic_discrimination-50	26	convert	27.0
GUM_academic_discrimination-50	27	into	28.0
GUM_academic_discrimination-50	28	''	59.0
GUM_academic_discrimination-50	29	a	40.0
GUM_academic_discrimination-50	30	F	21.0
GUM_academic_discrimination-50	31	statistic	32.0
GUM_academic_discrimination-50	32	with	33.0
GUM_academic_discrimination-50	33	noninteger	34.0
GUM_academic_discrimination-50	34	degree	13.0
GUM_academic_discrimination-50	35	of	36.0
GUM_academic_discrimination-50	36	freedom	37.0
GUM_academic_discrimination-50	37	by	38.0
GUM_academic_discrimination-50	38	use	29.0
GUM_academic_discrimination-50	39	a	40.0
GUM_academic_discrimination-50	40	second	41.0
GUM_academic_discrimination-50	41	-	42.0
GUM_academic_discrimination-50	42	order	43.0
GUM_academic_discrimination-50	43	Rao	44.0
GUM_academic_discrimination-50	44	and	45.0
GUM_academic_discrimination-50	45	Scott	46.0
GUM_academic_discrimination-50	46	(	47.0
GUM_academic_discrimination-50	47	1981	48.0
GUM_academic_discrimination-50	48	[	61.0
GUM_academic_discrimination-50	49	22	50.0
GUM_academic_discrimination-50	50	]	56.0
GUM_academic_discrimination-50	51	,	52.0
GUM_academic_discrimination-50	52	1984	48.0
GUM_academic_discrimination-50	53	[	61.0
GUM_academic_discrimination-50	54	23	50.0
GUM_academic_discrimination-50	55	]	56.0
GUM_academic_discrimination-50	56	)	57.0
GUM_academic_discrimination-50	57	correction	28.0
GUM_academic_discrimination-50	58	''	59.0
GUM_academic_discrimination-50	59	.	48.0
GUM_academic_discrimination-50	60	[	61.0
GUM_academic_discrimination-50	61	24	50.0
GUM_academic_discrimination-50	62	]	56.0
GUM_academic_discrimination-51	1	the	38.0
GUM_academic_discrimination-51	2	p	3.0
GUM_academic_discrimination-51	3	-	10.0
GUM_academic_discrimination-51	4	value	5.0
GUM_academic_discrimination-51	5	associate	6.0
GUM_academic_discrimination-51	6	with	1.0
GUM_academic_discrimination-51	7	the	38.0
GUM_academic_discrimination-51	8	design	3.0
GUM_academic_discrimination-51	9	-	10.0
GUM_academic_discrimination-51	10	base	11.0
GUM_academic_discrimination-51	11	F	12.0
GUM_academic_discrimination-51	12	be	13.0
GUM_academic_discrimination-51	13	thus	14.0
GUM_academic_discrimination-51	14	more	15.0
GUM_academic_discrimination-51	15	accurate	16.0
GUM_academic_discrimination-51	16	(	17.0
GUM_academic_discrimination-51	17	than	1.0
GUM_academic_discrimination-51	18	the	38.0
GUM_academic_discrimination-51	19	associate	6.0
GUM_academic_discrimination-51	20	with	1.0
GUM_academic_discrimination-51	21	the	38.0
GUM_academic_discrimination-51	22	χ2	23.0
GUM_academic_discrimination-51	23	statistic	24.0
GUM_academic_discrimination-51	24	)	25.0
GUM_academic_discrimination-51	25	give	1.0
GUM_academic_discrimination-51	26	the	38.0
GUM_academic_discrimination-51	27	adjustment	28.0
GUM_academic_discrimination-51	28	and	29.0
GUM_academic_discrimination-51	29	calculation	30.0
GUM_academic_discrimination-51	30	take	31.0
GUM_academic_discrimination-51	31	into	32.0
GUM_academic_discrimination-51	32	account	1.0
GUM_academic_discrimination-51	33	the	38.0
GUM_academic_discrimination-51	34	weight	35.0
GUM_academic_discrimination-51	35	nature	36.0
GUM_academic_discrimination-51	36	of	1.0
GUM_academic_discrimination-51	37	the	38.0
GUM_academic_discrimination-51	38	datum	39.0
GUM_academic_discrimination-51	39	.	
GUM_academic_discrimination-52	1	this	2.0
GUM_academic_discrimination-52	2	final	3.0
GUM_academic_discrimination-52	3	step	4.0
GUM_academic_discrimination-52	4	also	5.0
GUM_academic_discrimination-52	5	include	6.0
GUM_academic_discrimination-52	6	a	7.0
GUM_academic_discrimination-52	7	examination	8.0
GUM_academic_discrimination-52	8	of	13.0
GUM_academic_discrimination-52	9	the	17.0
GUM_academic_discrimination-52	10	relative	11.0
GUM_academic_discrimination-52	11	distribution	8.0
GUM_academic_discrimination-52	12	of	13.0
GUM_academic_discrimination-52	13	racial	14.0
GUM_academic_discrimination-52	14	category	15.0
GUM_academic_discrimination-52	15	across	9.0
GUM_academic_discrimination-52	16	the	17.0
GUM_academic_discrimination-52	17	various	18.0
GUM_academic_discrimination-52	18	report	19.0
GUM_academic_discrimination-52	19	reason	20.0
GUM_academic_discrimination-52	20	for	21.0
GUM_academic_discrimination-52	21	discrimination	22.0
GUM_academic_discrimination-52	22	.	
GUM_academic_discrimination-53	1	as	2.0
GUM_academic_discrimination-53	2	note	3.0
GUM_academic_discrimination-53	3	early	4.0
GUM_academic_discrimination-53	4	,	5.0
GUM_academic_discrimination-53	5	all	6.0
GUM_academic_discrimination-53	6	analysis	7.0
GUM_academic_discrimination-53	7	be	25.0
GUM_academic_discrimination-53	8	weight	14.0
GUM_academic_discrimination-53	9	accord	10.0
GUM_academic_discrimination-53	10	to	11.0
GUM_academic_discrimination-53	11	the	34.0
GUM_academic_discrimination-53	12	survey	8.0
GUM_academic_discrimination-53	13	weight	14.0
GUM_academic_discrimination-53	14	provide	15.0
GUM_academic_discrimination-53	15	by	11.0
GUM_academic_discrimination-53	16	the	34.0
GUM_academic_discrimination-53	17	Add	18.0
GUM_academic_discrimination-53	18	Health	19.0
GUM_academic_discrimination-53	19	research	20.0
GUM_academic_discrimination-53	20	staff	21.0
GUM_academic_discrimination-53	21	and	30.0
GUM_academic_discrimination-53	22	standard	23.0
GUM_academic_discrimination-53	23	error	7.0
GUM_academic_discrimination-53	24	be	25.0
GUM_academic_discrimination-53	25	correct	26.0
GUM_academic_discrimination-53	26	for	11.0
GUM_academic_discrimination-53	27	the	34.0
GUM_academic_discrimination-53	28	clustering	21.0
GUM_academic_discrimination-53	29	and	30.0
GUM_academic_discrimination-53	30	stratification	31.0
GUM_academic_discrimination-53	31	that	32.0
GUM_academic_discrimination-53	32	define	11.0
GUM_academic_discrimination-53	33	the	34.0
GUM_academic_discrimination-53	34	sampling	35.0
GUM_academic_discrimination-53	35	strategy	36.0
GUM_academic_discrimination-53	36	.	
GUM_academic_discrimination-54	1	thus	2.0
GUM_academic_discrimination-54	2	,	3.0
GUM_academic_discrimination-54	3	all	4.0
GUM_academic_discrimination-54	4	estimate	5.0
GUM_academic_discrimination-54	5	report	6.0
GUM_academic_discrimination-54	6	here	7.0
GUM_academic_discrimination-54	7	can	8.0
GUM_academic_discrimination-54	8	be	9.0
GUM_academic_discrimination-54	9	consider	10.0
GUM_academic_discrimination-54	10	nationally	11.0
GUM_academic_discrimination-54	11	representative	12.0
GUM_academic_discrimination-54	12	of	13.0
GUM_academic_discrimination-54	13	the	14.0
GUM_academic_discrimination-54	14	Unite	15.0
GUM_academic_discrimination-54	15	State	16.0
GUM_academic_discrimination-54	16	.	
GUM_academic_discrimination-6	1	psychologist	2.0
GUM_academic_discrimination-6	2	have	3.0
GUM_academic_discrimination-6	3	examine	4.0
GUM_academic_discrimination-6	4	the	5.0
GUM_academic_discrimination-6	5	mental	6.0
GUM_academic_discrimination-6	6	process	7.0
GUM_academic_discrimination-6	7	that	8.0
GUM_academic_discrimination-6	8	underpin	9.0
GUM_academic_discrimination-6	9	conscious	10.0
GUM_academic_discrimination-6	10	and	11.0
GUM_academic_discrimination-6	11	unconscious	12.0
GUM_academic_discrimination-6	12	bias	13.0
GUM_academic_discrimination-6	13	[	14.0
GUM_academic_discrimination-6	14	6	15.0
GUM_academic_discrimination-6	15	]	16.0
GUM_academic_discrimination-6	16	;	
GUM_academic_discrimination-7	1	neuroscientist	2.0
GUM_academic_discrimination-7	2	have	3.0
GUM_academic_discrimination-7	3	examine	4.0
GUM_academic_discrimination-7	4	the	5.0
GUM_academic_discrimination-7	5	neurobiological	6.0
GUM_academic_discrimination-7	6	underpinning	7.0
GUM_academic_discrimination-7	7	of	8.0
GUM_academic_discrimination-7	8	discrimination	9.0
GUM_academic_discrimination-7	9	[	10.0
GUM_academic_discrimination-7	10	7	11.0
GUM_academic_discrimination-7	11	-	12.0
GUM_academic_discrimination-7	12	9	13.0
GUM_academic_discrimination-7	13	]	14.0
GUM_academic_discrimination-7	14	;	
GUM_academic_discrimination-8	1	and	2.0
GUM_academic_discrimination-8	2	evolutionary	3.0
GUM_academic_discrimination-8	3	theorist	4.0
GUM_academic_discrimination-8	4	have	5.0
GUM_academic_discrimination-8	5	explore	6.0
GUM_academic_discrimination-8	6	the	21.0
GUM_academic_discrimination-8	7	various	8.0
GUM_academic_discrimination-8	8	way	9.0
GUM_academic_discrimination-8	9	that	10.0
GUM_academic_discrimination-8	10	in	11.0
GUM_academic_discrimination-8	11	-	12.0
GUM_academic_discrimination-8	12	group	17.0
GUM_academic_discrimination-8	13	/	14.0
GUM_academic_discrimination-8	14	out	11.0
GUM_academic_discrimination-8	15	-	12.0
GUM_academic_discrimination-8	16	group	17.0
GUM_academic_discrimination-8	17	bias	18.0
GUM_academic_discrimination-8	18	emerge	19.0
GUM_academic_discrimination-8	19	across	6.0
GUM_academic_discrimination-8	20	the	21.0
GUM_academic_discrimination-8	21	history	22.0
GUM_academic_discrimination-8	22	of	23.0
GUM_academic_discrimination-8	23	our	24.0
GUM_academic_discrimination-8	24	species	25.0
GUM_academic_discrimination-8	25	.	26.0
GUM_academic_discrimination-8	26	[	27.0
GUM_academic_discrimination-8	27	10	28.0
GUM_academic_discrimination-8	28	]	
GUM_academic_discrimination-9	1	in	2.0
GUM_academic_discrimination-9	2	many	3.0
GUM_academic_discrimination-9	3	respect	4.0
GUM_academic_discrimination-9	4	,	5.0
GUM_academic_discrimination-9	5	researcher	6.0
GUM_academic_discrimination-9	6	already	7.0
GUM_academic_discrimination-9	7	possess	8.0
GUM_academic_discrimination-9	8	a	9.0
GUM_academic_discrimination-9	9	wealth	10.0
GUM_academic_discrimination-9	10	of	18.0
GUM_academic_discrimination-9	11	knowledge	12.0
GUM_academic_discrimination-9	12	concern	13.0
GUM_academic_discrimination-9	13	the	14.0
GUM_academic_discrimination-9	14	origin	15.0
GUM_academic_discrimination-9	15	and	20.0
GUM_academic_discrimination-9	16	consequence	10.0
GUM_academic_discrimination-9	17	of	18.0
GUM_academic_discrimination-9	18	discrimination	15.0
GUM_academic_discrimination-9	19	and	20.0
GUM_academic_discrimination-9	20	bias	21.0
GUM_academic_discrimination-9	21	.	22.0
GUM_academic_discrimination-9	22	[	23.0
GUM_academic_discrimination-9	23	11	24.0
GUM_academic_discrimination-9	24	]	
GUM_academic_eegimaa-1	1	2.	2.0
GUM_academic_eegimaa-1	2	Gujjolaay	3.0
GUM_academic_eegimaa-1	3	Eegimaa	4.0
GUM_academic_eegimaa-1	4	,	5.0
GUM_academic_eegimaa-1	5	its	6.0
GUM_academic_eegimaa-1	6	speaker	7.0
GUM_academic_eegimaa-1	7	and	8.0
GUM_academic_eegimaa-1	8	their	9.0
GUM_academic_eegimaa-1	9	neighbour	
GUM_academic_eegimaa-10	1	Eegimaa	2.0
GUM_academic_eegimaa-10	2	be	3.0
GUM_academic_eegimaa-10	3	mainly	4.0
GUM_academic_eegimaa-10	4	speak	5.0
GUM_academic_eegimaa-10	5	in	16.0
GUM_academic_eegimaa-10	6	Mof-Ávvi	7.0
GUM_academic_eegimaa-10	7	,	16.0
GUM_academic_eegimaa-10	8	a	9.0
GUM_academic_eegimaa-10	9	former	27.0
GUM_academic_eegimaa-10	10	kingdom	11.0
GUM_academic_eegimaa-10	11	of	35.0
GUM_academic_eegimaa-10	12	10	13.0
GUM_academic_eegimaa-10	13	village	14.0
GUM_academic_eegimaa-10	14	locate	15.0
GUM_academic_eegimaa-10	15	to	16.0
GUM_academic_eegimaa-10	16	the	33.0
GUM_academic_eegimaa-10	17	west	11.0
GUM_academic_eegimaa-10	18	of	35.0
GUM_academic_eegimaa-10	19	Ziguinchor	7.0
GUM_academic_eegimaa-10	20	,	16.0
GUM_academic_eegimaa-10	21	the	33.0
GUM_academic_eegimaa-10	22	capital	23.0
GUM_academic_eegimaa-10	23	city	11.0
GUM_academic_eegimaa-10	24	of	35.0
GUM_academic_eegimaa-10	25	the	33.0
GUM_academic_eegimaa-10	26	former	27.0
GUM_academic_eegimaa-10	27	administrative	28.0
GUM_academic_eegimaa-10	28	region	11.0
GUM_academic_eegimaa-10	29	of	35.0
GUM_academic_eegimaa-10	30	Casamance	5.0
GUM_academic_eegimaa-10	31	in	16.0
GUM_academic_eegimaa-10	32	the	33.0
GUM_academic_eegimaa-10	33	south	11.0
GUM_academic_eegimaa-10	34	of	35.0
GUM_academic_eegimaa-10	35	Senegal	36.0
GUM_academic_eegimaa-10	36	.	
GUM_academic_eegimaa-11	1	Mof-Ávvi	2.0
GUM_academic_eegimaa-11	2	be	3.0
GUM_academic_eegimaa-11	3	a	4.0
GUM_academic_eegimaa-11	4	peninsula	5.0
GUM_academic_eegimaa-11	5	border	6.0
GUM_academic_eegimaa-11	6	by	7.0
GUM_academic_eegimaa-11	7	the	39.0
GUM_academic_eegimaa-11	8	Casamance	9.0
GUM_academic_eegimaa-11	9	River	10.0
GUM_academic_eegimaa-11	10	to	7.0
GUM_academic_eegimaa-11	11	the	39.0
GUM_academic_eegimaa-11	12	north	13.0
GUM_academic_eegimaa-11	13	,	37.0
GUM_academic_eegimaa-11	14	which	15.0
GUM_academic_eegimaa-11	15	separate	16.0
GUM_academic_eegimaa-11	16	it	17.0
GUM_academic_eegimaa-11	17	from	7.0
GUM_academic_eegimaa-11	18	the	39.0
GUM_academic_eegimaa-11	19	Jóola	23.0
GUM_academic_eegimaa-11	20	Búluf	21.0
GUM_academic_eegimaa-11	21	and	43.0
GUM_academic_eegimaa-11	22	Jóola	23.0
GUM_academic_eegimaa-11	23	Fogny	24.0
GUM_academic_eegimaa-11	24	area	13.0
GUM_academic_eegimaa-11	25	,	37.0
GUM_academic_eegimaa-11	26	and	43.0
GUM_academic_eegimaa-11	27	to	7.0
GUM_academic_eegimaa-11	28	the	39.0
GUM_academic_eegimaa-11	29	east	6.0
GUM_academic_eegimaa-11	30	by	7.0
GUM_academic_eegimaa-11	31	the	39.0
GUM_academic_eegimaa-11	32	village	33.0
GUM_academic_eegimaa-11	33	Brin	21.0
GUM_academic_eegimaa-11	34	and	43.0
GUM_academic_eegimaa-11	35	Djibonker	13.0
GUM_academic_eegimaa-11	36	,	37.0
GUM_academic_eegimaa-11	37	where	7.0
GUM_academic_eegimaa-11	38	the	39.0
GUM_academic_eegimaa-11	39	speaker	40.0
GUM_academic_eegimaa-11	40	of	41.0
GUM_academic_eegimaa-11	41	Kujireray	21.0
GUM_academic_eegimaa-11	42	and	43.0
GUM_academic_eegimaa-11	43	Baïnounk	44.0
GUM_academic_eegimaa-11	44	Gubëeher	45.0
GUM_academic_eegimaa-11	45	live	46.0
GUM_academic_eegimaa-11	46	.	
GUM_academic_eegimaa-12	1	in	2.0
GUM_academic_eegimaa-12	2	the	31.0
GUM_academic_eegimaa-12	3	south	4.0
GUM_academic_eegimaa-12	4	,	19.0
GUM_academic_eegimaa-12	5	the	31.0
GUM_academic_eegimaa-12	6	river	7.0
GUM_academic_eegimaa-12	7	know	8.0
GUM_academic_eegimaa-12	8	as	9.0
GUM_academic_eegimaa-12	9	Kamobeul	10.0
GUM_academic_eegimaa-12	10	Bolon	11.0
GUM_academic_eegimaa-12	11	separate	12.0
GUM_academic_eegimaa-12	12	Mof-Ávvi	25.0
GUM_academic_eegimaa-12	13	from	2.0
GUM_academic_eegimaa-12	14	the	31.0
GUM_academic_eegimaa-12	15	Bayot	16.0
GUM_academic_eegimaa-12	16	speak	17.0
GUM_academic_eegimaa-12	17	area	4.0
GUM_academic_eegimaa-12	18	,	19.0
GUM_academic_eegimaa-12	19	while	2.0
GUM_academic_eegimaa-12	20	the	31.0
GUM_academic_eegimaa-12	21	west	22.0
GUM_academic_eegimaa-12	22	side	23.0
GUM_academic_eegimaa-12	23	of	2.0
GUM_academic_eegimaa-12	24	Mof-Ávvi	25.0
GUM_academic_eegimaa-12	25	coincide	26.0
GUM_academic_eegimaa-12	26	with	2.0
GUM_academic_eegimaa-12	27	the	31.0
GUM_academic_eegimaa-12	28	homeland	23.0
GUM_academic_eegimaa-12	29	of	2.0
GUM_academic_eegimaa-12	30	the	31.0
GUM_academic_eegimaa-12	31	Jóola	32.0
GUM_academic_eegimaa-12	32	Kaasa	37.0
GUM_academic_eegimaa-12	33	Húluf	34.0
GUM_academic_eegimaa-12	34	and	31.0
GUM_academic_eegimaa-12	35	Jóola	32.0
GUM_academic_eegimaa-12	36	Kaasa	37.0
GUM_academic_eegimaa-12	37	Ésuulaaluʔ	38.0
GUM_academic_eegimaa-12	38	.	
GUM_academic_eegimaa-13	1	the	2.0
GUM_academic_eegimaa-13	2	map	3.0
GUM_academic_eegimaa-13	3	in	25.0
GUM_academic_eegimaa-13	4	Figure	5.0
GUM_academic_eegimaa-13	5	2	6.0
GUM_academic_eegimaa-13	6	below	7.0
GUM_academic_eegimaa-13	7	,	17.0
GUM_academic_eegimaa-13	8	adapt	9.0
GUM_academic_eegimaa-13	9	from	10.0
GUM_academic_eegimaa-13	10	Palmeri	11.0
GUM_academic_eegimaa-13	11	and	12.0
GUM_academic_eegimaa-13	12	Gazio	13.0
GUM_academic_eegimaa-13	13	(	14.0
GUM_academic_eegimaa-13	14	1995	15.0
GUM_academic_eegimaa-13	15	)	7.0
GUM_academic_eegimaa-13	16	,	17.0
GUM_academic_eegimaa-13	17	show	18.0
GUM_academic_eegimaa-13	18	a	19.0
GUM_academic_eegimaa-13	19	very	20.0
GUM_academic_eegimaa-13	20	approximate	21.0
GUM_academic_eegimaa-13	21	location	22.0
GUM_academic_eegimaa-13	22	of	23.0
GUM_academic_eegimaa-13	23	Mof-Ávvi	3.0
GUM_academic_eegimaa-13	24	in	25.0
GUM_academic_eegimaa-13	25	relation	26.0
GUM_academic_eegimaa-13	26	to	27.0
GUM_academic_eegimaa-13	27	other	28.0
GUM_academic_eegimaa-13	28	neighbour	29.0
GUM_academic_eegimaa-13	29	speech	30.0
GUM_academic_eegimaa-13	30	community	31.0
GUM_academic_eegimaa-13	31	.	
GUM_academic_eegimaa-14	1	some	2.0
GUM_academic_eegimaa-14	2	of	13.0
GUM_academic_eegimaa-14	3	this	4.0
GUM_academic_eegimaa-14	4	community	5.0
GUM_academic_eegimaa-14	5	will	6.0
GUM_academic_eegimaa-14	6	be	7.0
GUM_academic_eegimaa-14	7	refer	8.0
GUM_academic_eegimaa-14	8	to	9.0
GUM_academic_eegimaa-14	9	in	17.0
GUM_academic_eegimaa-14	10	our	11.0
GUM_academic_eegimaa-14	11	discussion	2.0
GUM_academic_eegimaa-14	12	of	13.0
GUM_academic_eegimaa-14	13	death	14.0
GUM_academic_eegimaa-14	14	prevention	15.0
GUM_academic_eegimaa-14	15	name	9.0
GUM_academic_eegimaa-14	16	in	17.0
GUM_academic_eegimaa-14	17	§	18.0
GUM_academic_eegimaa-14	18	6	19.0
GUM_academic_eegimaa-14	19	.	
GUM_academic_eegimaa-15	1	the	2.0
GUM_academic_eegimaa-15	2	Eegimaa	3.0
GUM_academic_eegimaa-15	3	speak	4.0
GUM_academic_eegimaa-15	4	in	5.0
GUM_academic_eegimaa-15	5	Mof-Ávvi	6.0
GUM_academic_eegimaa-15	6	be	7.0
GUM_academic_eegimaa-15	7	know	8.0
GUM_academic_eegimaa-15	8	by	13.0
GUM_academic_eegimaa-15	9	several	10.0
GUM_academic_eegimaa-15	10	name	11.0
GUM_academic_eegimaa-15	11	give	8.0
GUM_academic_eegimaa-15	12	by	13.0
GUM_academic_eegimaa-15	13	speaker	14.0
GUM_academic_eegimaa-15	14	of	15.0
GUM_academic_eegimaa-15	15	neighbour	16.0
GUM_academic_eegimaa-15	16	language	17.0
GUM_academic_eegimaa-15	17	.	
GUM_academic_eegimaa-16	1	for	2.0
GUM_academic_eegimaa-16	2	example	3.0
GUM_academic_eegimaa-16	3	,	15.0
GUM_academic_eegimaa-16	4	the	40.0
GUM_academic_eegimaa-16	5	name	18.0
GUM_academic_eegimaa-16	6	Kusiilay	7.0
GUM_academic_eegimaa-16	7	1	8.0
GUM_academic_eegimaa-16	8	'	3.0
GUM_academic_eegimaa-16	9	the	40.0
GUM_academic_eegimaa-16	10	language	3.0
GUM_academic_eegimaa-16	11	of	32.0
GUM_academic_eegimaa-16	12	Essil	3.0
GUM_academic_eegimaa-16	13	'	3.0
GUM_academic_eegimaa-16	14	,	15.0
GUM_academic_eegimaa-16	15	be	4.0
GUM_academic_eegimaa-16	16	the	40.0
GUM_academic_eegimaa-16	17	name	18.0
GUM_academic_eegimaa-16	18	give	19.0
GUM_academic_eegimaa-16	19	by	20.0
GUM_academic_eegimaa-16	20	speaker	11.0
GUM_academic_eegimaa-16	21	of	32.0
GUM_academic_eegimaa-16	22	Kujireray	23.0
GUM_academic_eegimaa-16	23	to	4.0
GUM_academic_eegimaa-16	24	the	40.0
GUM_academic_eegimaa-16	25	Eegimaa	10.0
GUM_academic_eegimaa-16	26	language	3.0
GUM_academic_eegimaa-16	27	,	15.0
GUM_academic_eegimaa-16	28	because	12.0
GUM_academic_eegimaa-16	29	Essil	3.0
GUM_academic_eegimaa-16	30	,	15.0
GUM_academic_eegimaa-16	31	of	32.0
GUM_academic_eegimaa-16	32	which	42.0
GUM_academic_eegimaa-16	33	Bajjat	15.0
GUM_academic_eegimaa-16	34	be	4.0
GUM_academic_eegimaa-16	35	a	44.0
GUM_academic_eegimaa-16	36	district	3.0
GUM_academic_eegimaa-16	37	,	15.0
GUM_academic_eegimaa-16	38	be	4.0
GUM_academic_eegimaa-16	39	the	40.0
GUM_academic_eegimaa-16	40	village	48.0
GUM_academic_eegimaa-16	41	which	42.0
GUM_academic_eegimaa-16	42	have	35.0
GUM_academic_eegimaa-16	43	a	44.0
GUM_academic_eegimaa-16	44	border	45.0
GUM_academic_eegimaa-16	45	with	46.0
GUM_academic_eegimaa-16	46	their	40.0
GUM_academic_eegimaa-16	47	village	48.0
GUM_academic_eegimaa-16	48	.	
GUM_academic_eegimaa-17	1	Endungo	2.0
GUM_academic_eegimaa-17	2	be	14.0
GUM_academic_eegimaa-17	3	the	4.0
GUM_academic_eegimaa-17	4	name	5.0
GUM_academic_eegimaa-17	5	give	6.0
GUM_academic_eegimaa-17	6	by	7.0
GUM_academic_eegimaa-17	7	Bayot	8.0
GUM_academic_eegimaa-17	8	speaker	9.0
GUM_academic_eegimaa-17	9	,	10.0
GUM_academic_eegimaa-17	10	but	11.0
GUM_academic_eegimaa-17	11	its	12.0
GUM_academic_eegimaa-17	12	meaning	2.0
GUM_academic_eegimaa-17	13	be	14.0
GUM_academic_eegimaa-17	14	not	15.0
GUM_academic_eegimaa-17	15	know	16.0
GUM_academic_eegimaa-17	16	.	
GUM_academic_eegimaa-18	1	Kúlaakiay	2.0
GUM_academic_eegimaa-18	2	,	14.0
GUM_academic_eegimaa-18	3	'	34.0
GUM_academic_eegimaa-18	4	the	7.0
GUM_academic_eegimaa-18	5	language	6.0
GUM_academic_eegimaa-18	6	of	39.0
GUM_academic_eegimaa-18	7	village	6.0
GUM_academic_eegimaa-18	8	of	39.0
GUM_academic_eegimaa-18	9	Seleki	10.0
GUM_academic_eegimaa-18	10	/	11.0
GUM_academic_eegimaa-18	11	Sállagi	3.0
GUM_academic_eegimaa-18	12	'	34.0
GUM_academic_eegimaa-18	13	,	14.0
GUM_academic_eegimaa-18	14	be	24.0
GUM_academic_eegimaa-18	15	the	7.0
GUM_academic_eegimaa-18	16	name	17.0
GUM_academic_eegimaa-18	17	give	18.0
GUM_academic_eegimaa-18	18	by	19.0
GUM_academic_eegimaa-18	19	Jóola	20.0
GUM_academic_eegimaa-18	20	Kaasa	21.0
GUM_academic_eegimaa-18	21	speaker	22.0
GUM_academic_eegimaa-18	22	who	14.0
GUM_academic_eegimaa-18	23	be	24.0
GUM_academic_eegimaa-18	24	more	25.0
GUM_academic_eegimaa-18	25	familiar	26.0
GUM_academic_eegimaa-18	26	with	4.0
GUM_academic_eegimaa-18	27	the	7.0
GUM_academic_eegimaa-18	28	village	6.0
GUM_academic_eegimaa-18	29	of	39.0
GUM_academic_eegimaa-18	30	Seleki	10.0
GUM_academic_eegimaa-18	31	/	11.0
GUM_academic_eegimaa-18	32	Sállagi	3.0
GUM_academic_eegimaa-18	33	'	34.0
GUM_academic_eegimaa-18	34	than	35.0
GUM_academic_eegimaa-18	35	all	36.0
GUM_academic_eegimaa-18	36	other	7.0
GUM_academic_eegimaa-18	37	village	6.0
GUM_academic_eegimaa-18	38	of	39.0
GUM_academic_eegimaa-18	39	Mof-Ávvi	40.0
GUM_academic_eegimaa-18	40	.	
GUM_academic_eegimaa-19	1	finally	2.0
GUM_academic_eegimaa-19	2	,	43.0
GUM_academic_eegimaa-19	3	Banjal	24.0
GUM_academic_eegimaa-19	4	/	5.0
GUM_academic_eegimaa-19	5	Bandial	6.0
GUM_academic_eegimaa-19	6	'	2.0
GUM_academic_eegimaa-19	7	the	52.0
GUM_academic_eegimaa-19	8	language	2.0
GUM_academic_eegimaa-19	9	of	3.0
GUM_academic_eegimaa-19	10	the	52.0
GUM_academic_eegimaa-19	11	village	9.0
GUM_academic_eegimaa-19	12	of	3.0
GUM_academic_eegimaa-19	13	Banjal	24.0
GUM_academic_eegimaa-19	14	'	2.0
GUM_academic_eegimaa-19	15	,	43.0
GUM_academic_eegimaa-19	16	the	52.0
GUM_academic_eegimaa-19	17	most	18.0
GUM_academic_eegimaa-19	18	popular	9.0
GUM_academic_eegimaa-19	19	of	3.0
GUM_academic_eegimaa-19	20	all	21.0
GUM_academic_eegimaa-19	21	that	22.0
GUM_academic_eegimaa-19	22	name	27.0
GUM_academic_eegimaa-19	23	,	43.0
GUM_academic_eegimaa-19	24	be	55.0
GUM_academic_eegimaa-19	25	the	52.0
GUM_academic_eegimaa-19	26	name	27.0
GUM_academic_eegimaa-19	27	give	28.0
GUM_academic_eegimaa-19	28	by	7.0
GUM_academic_eegimaa-19	29	the	52.0
GUM_academic_eegimaa-19	30	Jóola	34.0
GUM_academic_eegimaa-19	31	Búluf	32.0
GUM_academic_eegimaa-19	32	and	40.0
GUM_academic_eegimaa-19	33	Jóola	34.0
GUM_academic_eegimaa-19	34	Fogny	35.0
GUM_academic_eegimaa-19	35	speaker	36.0
GUM_academic_eegimaa-19	36	to	24.0
GUM_academic_eegimaa-19	37	Eegimaa	38.0
GUM_academic_eegimaa-19	38	person	45.0
GUM_academic_eegimaa-19	39	and	40.0
GUM_academic_eegimaa-19	40	their	8.0
GUM_academic_eegimaa-19	41	language	2.0
GUM_academic_eegimaa-19	42	,	43.0
GUM_academic_eegimaa-19	43	because	38.0
GUM_academic_eegimaa-19	44	person	45.0
GUM_academic_eegimaa-19	45	from	7.0
GUM_academic_eegimaa-19	46	the	52.0
GUM_academic_eegimaa-19	47	village	9.0
GUM_academic_eegimaa-19	48	of	3.0
GUM_academic_eegimaa-19	49	Banjal	24.0
GUM_academic_eegimaa-19	50	be	55.0
GUM_academic_eegimaa-19	51	the	52.0
GUM_academic_eegimaa-19	52	first	36.0
GUM_academic_eegimaa-19	53	to	24.0
GUM_academic_eegimaa-19	54	be	55.0
GUM_academic_eegimaa-19	55	in	56.0
GUM_academic_eegimaa-19	56	contact	57.0
GUM_academic_eegimaa-19	57	with	58.0
GUM_academic_eegimaa-19	58	they	59.0
GUM_academic_eegimaa-19	59	.	
GUM_academic_eegimaa-2	1	this	2.0
GUM_academic_eegimaa-2	2	section	3.0
GUM_academic_eegimaa-2	3	briefly	4.0
GUM_academic_eegimaa-2	4	present	5.0
GUM_academic_eegimaa-2	5	the	6.0
GUM_academic_eegimaa-2	6	Gújjolaay	7.0
GUM_academic_eegimaa-2	7	Eegimaa	10.0
GUM_academic_eegimaa-2	8	(	7.0
GUM_academic_eegimaa-2	9	Eegimaa	10.0
GUM_academic_eegimaa-2	10	for	11.0
GUM_academic_eegimaa-2	11	short	12.0
GUM_academic_eegimaa-2	12	;	13.0
GUM_academic_eegimaa-2	13	Ethnologue	14.0
GUM_academic_eegimaa-2	14	code	15.0
GUM_academic_eegimaa-2	15	:	19.0
GUM_academic_eegimaa-2	16	ISO	17.0
GUM_academic_eegimaa-2	17	639-3	15.0
GUM_academic_eegimaa-2	18	:	19.0
GUM_academic_eegimaa-2	19	bqj	20.0
GUM_academic_eegimaa-2	20	)	21.0
GUM_academic_eegimaa-2	21	,	22.0
GUM_academic_eegimaa-2	22	its	26.0
GUM_academic_eegimaa-2	23	speaker	24.0
GUM_academic_eegimaa-2	24	and	22.0
GUM_academic_eegimaa-2	25	its	26.0
GUM_academic_eegimaa-2	26	variety	27.0
GUM_academic_eegimaa-2	27	.	
GUM_academic_eegimaa-20	1	Figure	2.0
GUM_academic_eegimaa-20	2	1	3.0
GUM_academic_eegimaa-20	3	.	
GUM_academic_eegimaa-21	1	map	9.0
GUM_academic_eegimaa-21	2	of	7.0
GUM_academic_eegimaa-21	3	Senegal	4.0
GUM_academic_eegimaa-21	4	(	5.0
GUM_academic_eegimaa-21	5	courtesy	2.0
GUM_academic_eegimaa-21	6	of	7.0
GUM_academic_eegimaa-21	7	Google	1.0
GUM_academic_eegimaa-21	8	map	9.0
GUM_academic_eegimaa-21	9	)	
GUM_academic_eegimaa-22	1	Figure	2.0
GUM_academic_eegimaa-22	2	2	3.0
GUM_academic_eegimaa-22	3	.	
GUM_academic_eegimaa-23	1	map	2.0
GUM_academic_eegimaa-23	2	of	3.0
GUM_academic_eegimaa-23	3	the	4.0
GUM_academic_eegimaa-23	4	Eegimaa	5.0
GUM_academic_eegimaa-23	5	speak	6.0
GUM_academic_eegimaa-23	6	area	
GUM_academic_eegimaa-24	1	village	2.0
GUM_academic_eegimaa-24	2	name	3.0
GUM_academic_eegimaa-24	3	be	4.0
GUM_academic_eegimaa-24	4	write	5.0
GUM_academic_eegimaa-24	5	use	6.0
GUM_academic_eegimaa-24	6	their	7.0
GUM_academic_eegimaa-24	7	usual	8.0
GUM_academic_eegimaa-24	8	spelling	9.0
GUM_academic_eegimaa-24	9	.	
GUM_academic_eegimaa-25	1	the	2.0
GUM_academic_eegimaa-25	2	Ethnologue	3.0
GUM_academic_eegimaa-25	3	language	9.0
GUM_academic_eegimaa-25	4	code	5.0
GUM_academic_eegimaa-25	5	be	6.0
GUM_academic_eegimaa-25	6	provide	7.0
GUM_academic_eegimaa-25	7	for	3.0
GUM_academic_eegimaa-25	8	language	9.0
GUM_academic_eegimaa-25	9	variety	10.0
GUM_academic_eegimaa-25	10	that	11.0
GUM_academic_eegimaa-25	11	have	12.0
GUM_academic_eegimaa-25	12	they	13.0
GUM_academic_eegimaa-25	13	.	
GUM_academic_eegimaa-26	1	language	11.0
GUM_academic_eegimaa-26	2	name	3.0
GUM_academic_eegimaa-26	3	be	4.0
GUM_academic_eegimaa-26	4	write	5.0
GUM_academic_eegimaa-26	5	follow	6.0
GUM_academic_eegimaa-26	6	the	10.0
GUM_academic_eegimaa-26	7	recommendation	8.0
GUM_academic_eegimaa-26	8	for	6.0
GUM_academic_eegimaa-26	9	the	10.0
GUM_academic_eegimaa-26	10	transcription	11.0
GUM_academic_eegimaa-26	11	of	15.0
GUM_academic_eegimaa-26	12	national	1.0
GUM_academic_eegimaa-26	13	language	11.0
GUM_academic_eegimaa-26	14	of	15.0
GUM_academic_eegimaa-26	15	Senegal	16.0
GUM_academic_eegimaa-26	16	,	17.0
GUM_academic_eegimaa-26	17	Decree	18.0
GUM_academic_eegimaa-26	18	2005-981	19.0
GUM_academic_eegimaa-26	19	.	
GUM_academic_eegimaa-27	1	name	20.0
GUM_academic_eegimaa-27	2	of	4.0
GUM_academic_eegimaa-27	3	the	16.0
GUM_academic_eegimaa-27	4	village	1.0
GUM_academic_eegimaa-27	5	of	4.0
GUM_academic_eegimaa-27	6	Mof-Ávvi	7.0
GUM_academic_eegimaa-27	7	be	8.0
GUM_academic_eegimaa-27	8	write	9.0
GUM_academic_eegimaa-27	9	use	3.0
GUM_academic_eegimaa-27	10	the	16.0
GUM_academic_eegimaa-27	11	Eegimaa	12.0
GUM_academic_eegimaa-27	12	orthography	13.0
GUM_academic_eegimaa-27	13	and	14.0
GUM_academic_eegimaa-27	14	follow	3.0
GUM_academic_eegimaa-27	15	the	16.0
GUM_academic_eegimaa-27	16	pronunciation	2.0
GUM_academic_eegimaa-27	17	of	4.0
GUM_academic_eegimaa-27	18	village	1.0
GUM_academic_eegimaa-27	19	name	20.0
GUM_academic_eegimaa-27	20	by	21.0
GUM_academic_eegimaa-27	21	native	22.0
GUM_academic_eegimaa-27	22	speaker	23.0
GUM_academic_eegimaa-27	23	.	
GUM_academic_eegimaa-28	1	Jóola	2.0
GUM_academic_eegimaa-28	2	language	3.0
GUM_academic_eegimaa-28	3	variety	4.0
GUM_academic_eegimaa-28	4	which	5.0
GUM_academic_eegimaa-28	5	be	6.0
GUM_academic_eegimaa-28	6	closely	7.0
GUM_academic_eegimaa-28	7	related	8.0
GUM_academic_eegimaa-28	8	to	9.0
GUM_academic_eegimaa-28	9	Eegimaa	10.0
GUM_academic_eegimaa-28	10	include	11.0
GUM_academic_eegimaa-28	11	Kujireray	12.0
GUM_academic_eegimaa-28	12	/	13.0
GUM_academic_eegimaa-28	13	Kuluunaay	14.0
GUM_academic_eegimaa-28	14	(	40.0
GUM_academic_eegimaa-28	15	from	16.0
GUM_academic_eegimaa-28	16	the	17.0
GUM_academic_eegimaa-28	17	village	18.0
GUM_academic_eegimaa-28	18	of	33.0
GUM_academic_eegimaa-28	19	Brin	20.0
GUM_academic_eegimaa-28	20	with	35.0
GUM_academic_eegimaa-28	21	76	22.0
GUM_academic_eegimaa-28	22	%	23.0
GUM_academic_eegimaa-28	23	lexical	24.0
GUM_academic_eegimaa-28	24	similarity	14.0
GUM_academic_eegimaa-28	25	)	50.0
GUM_academic_eegimaa-28	26	and	27.0
GUM_academic_eegimaa-28	27	Gufiñamay	14.0
GUM_academic_eegimaa-28	28	(	40.0
GUM_academic_eegimaa-28	29	from	16.0
GUM_academic_eegimaa-28	30	the	17.0
GUM_academic_eegimaa-28	31	village	18.0
GUM_academic_eegimaa-28	32	of	33.0
GUM_academic_eegimaa-28	33	Afiniam	20.0
GUM_academic_eegimaa-28	34	with	35.0
GUM_academic_eegimaa-28	35	74	22.0
GUM_academic_eegimaa-28	36	%	23.0
GUM_academic_eegimaa-28	37	lexical	24.0
GUM_academic_eegimaa-28	38	similarity	14.0
GUM_academic_eegimaa-28	39	(	40.0
GUM_academic_eegimaa-28	40	base	41.0
GUM_academic_eegimaa-28	41	on	42.0
GUM_academic_eegimaa-28	42	Lewis	43.0
GUM_academic_eegimaa-28	43	et	44.0
GUM_academic_eegimaa-28	44	al.	45.0
GUM_academic_eegimaa-28	45	,	46.0
GUM_academic_eegimaa-28	46	2014	47.0
GUM_academic_eegimaa-28	47	eds.	25.0
GUM_academic_eegimaa-28	48	)	50.0
GUM_academic_eegimaa-28	49	)	50.0
GUM_academic_eegimaa-28	50	.	
GUM_academic_eegimaa-29	1	Gútaamay	2.0
GUM_academic_eegimaa-29	2	(	20.0
GUM_academic_eegimaa-29	3	from	4.0
GUM_academic_eegimaa-29	4	the	5.0
GUM_academic_eegimaa-29	5	village	6.0
GUM_academic_eegimaa-29	6	of	29.0
GUM_academic_eegimaa-29	7	Butam	8.0
GUM_academic_eegimaa-29	8	)	3.0
GUM_academic_eegimaa-29	9	,	10.0
GUM_academic_eegimaa-29	10	Gulapaoray	2.0
GUM_academic_eegimaa-29	11	(	20.0
GUM_academic_eegimaa-29	12	from	4.0
GUM_academic_eegimaa-29	13	the	5.0
GUM_academic_eegimaa-29	14	village	6.0
GUM_academic_eegimaa-29	15	Djilapaor	8.0
GUM_academic_eegimaa-29	16	)	3.0
GUM_academic_eegimaa-29	17	and	18.0
GUM_academic_eegimaa-29	18	Gusiilay	2.0
GUM_academic_eegimaa-29	19	(	20.0
GUM_academic_eegimaa-29	20	ISO	21.0
GUM_academic_eegimaa-29	21	639-3	22.0
GUM_academic_eegimaa-29	22	:	23.0
GUM_academic_eegimaa-29	23	bsl	8.0
GUM_academic_eegimaa-29	24	)	3.0
GUM_academic_eegimaa-29	25	from	4.0
GUM_academic_eegimaa-29	26	the	5.0
GUM_academic_eegimaa-29	27	village	6.0
GUM_academic_eegimaa-29	28	of	29.0
GUM_academic_eegimaa-29	29	Thionk	30.0
GUM_academic_eegimaa-29	30	Essil	31.0
GUM_academic_eegimaa-29	31	be	32.0
GUM_academic_eegimaa-29	32	also	33.0
GUM_academic_eegimaa-29	33	other	34.0
GUM_academic_eegimaa-29	34	language	35.0
GUM_academic_eegimaa-29	35	related	36.0
GUM_academic_eegimaa-29	36	to	37.0
GUM_academic_eegimaa-29	37	Eegimaa	38.0
GUM_academic_eegimaa-29	38	.	
GUM_academic_eegimaa-3	1	we	2.0
GUM_academic_eegimaa-3	2	also	3.0
GUM_academic_eegimaa-3	3	discuss	4.0
GUM_academic_eegimaa-3	4	aspect	5.0
GUM_academic_eegimaa-3	5	of	6.0
GUM_academic_eegimaa-3	6	the	11.0
GUM_academic_eegimaa-3	7	contact	8.0
GUM_academic_eegimaa-3	8	situation	5.0
GUM_academic_eegimaa-3	9	of	6.0
GUM_academic_eegimaa-3	10	the	11.0
GUM_academic_eegimaa-3	11	Eegimaa	12.0
GUM_academic_eegimaa-3	12	language	13.0
GUM_academic_eegimaa-3	13	.	
GUM_academic_eegimaa-30	1	they	2.0
GUM_academic_eegimaa-30	2	be	3.0
GUM_academic_eegimaa-30	3	locate	4.0
GUM_academic_eegimaa-30	4	north	5.0
GUM_academic_eegimaa-30	5	of	6.0
GUM_academic_eegimaa-30	6	the	11.0
GUM_academic_eegimaa-30	7	Casamance	8.0
GUM_academic_eegimaa-30	8	River	9.0
GUM_academic_eegimaa-30	9	in	6.0
GUM_academic_eegimaa-30	10	the	11.0
GUM_academic_eegimaa-30	11	Jóola	12.0
GUM_academic_eegimaa-30	12	Búluf	13.0
GUM_academic_eegimaa-30	13	area	14.0
GUM_academic_eegimaa-30	14	.	
GUM_academic_eegimaa-31	1	there	2.0
GUM_academic_eegimaa-31	2	be	3.0
GUM_academic_eegimaa-31	3	also	4.0
GUM_academic_eegimaa-31	4	small	5.0
GUM_academic_eegimaa-31	5	migrant	6.0
GUM_academic_eegimaa-31	6	Eegimaa	7.0
GUM_academic_eegimaa-31	7	community	8.0
GUM_academic_eegimaa-31	8	in	19.0
GUM_academic_eegimaa-31	9	village	10.0
GUM_academic_eegimaa-31	10	like	11.0
GUM_academic_eegimaa-31	11	Djifanghor	12.0
GUM_academic_eegimaa-31	12	(	21.0
GUM_academic_eegimaa-31	13	east	14.0
GUM_academic_eegimaa-31	14	of	32.0
GUM_academic_eegimaa-31	15	Ziguinchor	16.0
GUM_academic_eegimaa-31	16	)	25.0
GUM_academic_eegimaa-31	17	and	8.0
GUM_academic_eegimaa-31	18	in	19.0
GUM_academic_eegimaa-31	19	Bourofaye	12.0
GUM_academic_eegimaa-31	20	(	21.0
GUM_academic_eegimaa-31	21	south	14.0
GUM_academic_eegimaa-31	22	of	32.0
GUM_academic_eegimaa-31	23	Ziguinchor	16.0
GUM_academic_eegimaa-31	24	)	25.0
GUM_academic_eegimaa-31	25	,	26.0
GUM_academic_eegimaa-31	26	where	27.0
GUM_academic_eegimaa-31	27	they	28.0
GUM_academic_eegimaa-31	28	cohabit	29.0
GUM_academic_eegimaa-31	29	with	30.0
GUM_academic_eegimaa-31	30	speaker	14.0
GUM_academic_eegimaa-31	31	of	32.0
GUM_academic_eegimaa-31	32	Baïnounk	33.0
GUM_academic_eegimaa-31	33	language	34.0
GUM_academic_eegimaa-31	34	.	
GUM_academic_eegimaa-32	1	nowadays	2.0
GUM_academic_eegimaa-32	2	most	3.0
GUM_academic_eegimaa-32	3	Eegimaa	4.0
GUM_academic_eegimaa-32	4	speaker	5.0
GUM_academic_eegimaa-32	5	from	6.0
GUM_academic_eegimaa-32	6	Mof-Ávvi	7.0
GUM_academic_eegimaa-32	7	live	8.0
GUM_academic_eegimaa-32	8	outside	9.0
GUM_academic_eegimaa-32	9	their	10.0
GUM_academic_eegimaa-32	10	homeland	11.0
GUM_academic_eegimaa-32	11	,	12.0
GUM_academic_eegimaa-32	12	generally	13.0
GUM_academic_eegimaa-32	13	in	14.0
GUM_academic_eegimaa-32	14	urban	15.0
GUM_academic_eegimaa-32	15	area	16.0
GUM_academic_eegimaa-32	16	like	17.0
GUM_academic_eegimaa-32	17	Ziguinchor	18.0
GUM_academic_eegimaa-32	18	and	19.0
GUM_academic_eegimaa-32	19	Dakar	20.0
GUM_academic_eegimaa-32	20	.	
GUM_academic_eegimaa-33	1	speaker	2.0
GUM_academic_eegimaa-33	2	of	22.0
GUM_academic_eegimaa-33	3	Eegimaa	12.0
GUM_academic_eegimaa-33	4	use	5.0
GUM_academic_eegimaa-33	5	the	6.0
GUM_academic_eegimaa-33	6	term	7.0
GUM_academic_eegimaa-33	7	Gújjolaay	8.0
GUM_academic_eegimaa-33	8	(	9.0
GUM_academic_eegimaa-33	9	mean	10.0
GUM_academic_eegimaa-33	10	Jóola	36.0
GUM_academic_eegimaa-33	11	)	12.0
GUM_academic_eegimaa-33	12	to	27.0
GUM_academic_eegimaa-33	13	refer	12.0
GUM_academic_eegimaa-33	14	to	27.0
GUM_academic_eegimaa-33	15	their	10.0
GUM_academic_eegimaa-33	16	language	17.0
GUM_academic_eegimaa-33	17	when	18.0
GUM_academic_eegimaa-33	18	they	19.0
GUM_academic_eegimaa-33	19	speak	12.0
GUM_academic_eegimaa-33	20	to	27.0
GUM_academic_eegimaa-33	21	each	22.0
GUM_academic_eegimaa-33	22	other	10.0
GUM_academic_eegimaa-33	23	,	24.0
GUM_academic_eegimaa-33	24	but	3.0
GUM_academic_eegimaa-33	25	Eegimaa	12.0
GUM_academic_eegimaa-33	26	to	27.0
GUM_academic_eegimaa-33	27	distinguish	15.0
GUM_academic_eegimaa-33	28	their	10.0
GUM_academic_eegimaa-33	29	Jóola	36.0
GUM_academic_eegimaa-33	30	variety	31.0
GUM_academic_eegimaa-33	31	from	32.0
GUM_academic_eegimaa-33	32	that	2.0
GUM_academic_eegimaa-33	33	of	22.0
GUM_academic_eegimaa-33	34	other	10.0
GUM_academic_eegimaa-33	35	Jóola	36.0
GUM_academic_eegimaa-33	36	people	37.0
GUM_academic_eegimaa-33	37	.	
GUM_academic_eegimaa-34	1	Eegimaa	2.0
GUM_academic_eegimaa-34	2	be	13.0
GUM_academic_eegimaa-34	3	a	4.0
GUM_academic_eegimaa-34	4	endangered	5.0
GUM_academic_eegimaa-34	5	language	6.0
GUM_academic_eegimaa-34	6	whose	7.0
GUM_academic_eegimaa-34	7	transmission	8.0
GUM_academic_eegimaa-34	8	to	9.0
GUM_academic_eegimaa-34	9	new	10.0
GUM_academic_eegimaa-34	10	generation	11.0
GUM_academic_eegimaa-34	11	have	2.0
GUM_academic_eegimaa-34	12	be	13.0
GUM_academic_eegimaa-34	13	decline	14.0
GUM_academic_eegimaa-34	14	significantly	15.0
GUM_academic_eegimaa-34	15	in	16.0
GUM_academic_eegimaa-34	16	the	17.0
GUM_academic_eegimaa-34	17	last	18.0
GUM_academic_eegimaa-34	18	decade	19.0
GUM_academic_eegimaa-34	19	.	
GUM_academic_eegimaa-35	1	it	2.0
GUM_academic_eegimaa-35	2	be	3.0
GUM_academic_eegimaa-35	3	important	4.0
GUM_academic_eegimaa-35	4	to	5.0
GUM_academic_eegimaa-35	5	understand	6.0
GUM_academic_eegimaa-35	6	the	16.0
GUM_academic_eegimaa-35	7	contact	8.0
GUM_academic_eegimaa-35	8	situation	9.0
GUM_academic_eegimaa-35	9	of	6.0
GUM_academic_eegimaa-35	10	Eegimaa	11.0
GUM_academic_eegimaa-35	11	,	12.0
GUM_academic_eegimaa-35	12	because	13.0
GUM_academic_eegimaa-35	13	some	9.0
GUM_academic_eegimaa-35	14	of	6.0
GUM_academic_eegimaa-35	15	the	16.0
GUM_academic_eegimaa-35	16	ritual	17.0
GUM_academic_eegimaa-35	17	name	18.0
GUM_academic_eegimaa-35	18	analyse	19.0
GUM_academic_eegimaa-35	19	in	20.0
GUM_academic_eegimaa-35	20	this	21.0
GUM_academic_eegimaa-35	21	paper	22.0
GUM_academic_eegimaa-35	22	come	23.0
GUM_academic_eegimaa-35	23	from	28.0
GUM_academic_eegimaa-35	24	other	25.0
GUM_academic_eegimaa-35	25	language	26.0
GUM_academic_eegimaa-35	26	or	23.0
GUM_academic_eegimaa-35	27	from	28.0
GUM_academic_eegimaa-35	28	neighbour	29.0
GUM_academic_eegimaa-35	29	community	30.0
GUM_academic_eegimaa-35	30	.	
GUM_academic_eegimaa-36	1	this	2.0
GUM_academic_eegimaa-36	2	name	3.0
GUM_academic_eegimaa-36	3	be	4.0
GUM_academic_eegimaa-36	4	give	5.0
GUM_academic_eegimaa-36	5	either	6.0
GUM_academic_eegimaa-36	6	in	10.0
GUM_academic_eegimaa-36	7	Eegimaa	8.0
GUM_academic_eegimaa-36	8	or	6.0
GUM_academic_eegimaa-36	9	in	10.0
GUM_academic_eegimaa-36	10	a	11.0
GUM_academic_eegimaa-36	11	different	12.0
GUM_academic_eegimaa-36	12	language	13.0
GUM_academic_eegimaa-36	13	.	
GUM_academic_eegimaa-4	1	this	2.0
GUM_academic_eegimaa-4	2	be	28.0
GUM_academic_eegimaa-4	3	important	4.0
GUM_academic_eegimaa-4	4	,	15.0
GUM_academic_eegimaa-4	5	because	6.0
GUM_academic_eegimaa-4	6	as	7.0
GUM_academic_eegimaa-4	7	we	8.0
GUM_academic_eegimaa-4	8	will	9.0
GUM_academic_eegimaa-4	9	show	10.0
GUM_academic_eegimaa-4	10	in	11.0
GUM_academic_eegimaa-4	11	§	12.0
GUM_academic_eegimaa-4	12	6	13.0
GUM_academic_eegimaa-4	13	below	4.0
GUM_academic_eegimaa-4	14	,	15.0
GUM_academic_eegimaa-4	15	some	16.0
GUM_academic_eegimaa-4	16	of	17.0
GUM_academic_eegimaa-4	17	the	18.0
GUM_academic_eegimaa-4	18	Eegimaa	31.0
GUM_academic_eegimaa-4	19	death	20.0
GUM_academic_eegimaa-4	20	prevention	21.0
GUM_academic_eegimaa-4	21	name	2.0
GUM_academic_eegimaa-4	22	and	23.0
GUM_academic_eegimaa-4	23	child	24.0
GUM_academic_eegimaa-4	24	-	25.0
GUM_academic_eegimaa-4	25	bearing	21.0
GUM_academic_eegimaa-4	26	name	2.0
GUM_academic_eegimaa-4	27	be	28.0
GUM_academic_eegimaa-4	28	give	29.0
GUM_academic_eegimaa-4	29	to	18.0
GUM_academic_eegimaa-4	30	Eegimaa	31.0
GUM_academic_eegimaa-4	31	person	32.0
GUM_academic_eegimaa-4	32	from	33.0
GUM_academic_eegimaa-4	33	other	34.0
GUM_academic_eegimaa-4	34	community	35.0
GUM_academic_eegimaa-4	35	.	
GUM_academic_eegimaa-5	1	Eegimaa	2.0
GUM_academic_eegimaa-5	2	be	21.0
GUM_academic_eegimaa-5	3	a	17.0
GUM_academic_eegimaa-5	4	Jóola	5.0
GUM_academic_eegimaa-5	5	language	6.0
GUM_academic_eegimaa-5	6	speak	7.0
GUM_academic_eegimaa-5	7	in	8.0
GUM_academic_eegimaa-5	8	the	9.0
GUM_academic_eegimaa-5	9	Basse	10.0
GUM_academic_eegimaa-5	10	Casamance	11.0
GUM_academic_eegimaa-5	11	area	12.0
GUM_academic_eegimaa-5	12	of	13.0
GUM_academic_eegimaa-5	13	Southern	14.0
GUM_academic_eegimaa-5	14	Senegal	15.0
GUM_academic_eegimaa-5	15	by	3.0
GUM_academic_eegimaa-5	16	a	17.0
GUM_academic_eegimaa-5	17	population	18.0
GUM_academic_eegimaa-5	18	estimate	19.0
GUM_academic_eegimaa-5	19	to	2.0
GUM_academic_eegimaa-5	20	be	21.0
GUM_academic_eegimaa-5	21	between	22.0
GUM_academic_eegimaa-5	22	7000	23.0
GUM_academic_eegimaa-5	23	(	32.0
GUM_academic_eegimaa-5	24	Bassène	25.0
GUM_academic_eegimaa-5	25	,	39.0
GUM_academic_eegimaa-5	26	2007	27.0
GUM_academic_eegimaa-5	27	)	41.0
GUM_academic_eegimaa-5	28	and	29.0
GUM_academic_eegimaa-5	29	11200	30.0
GUM_academic_eegimaa-5	30	speaker	23.0
GUM_academic_eegimaa-5	31	(	32.0
GUM_academic_eegimaa-5	32	Lewis	25.0
GUM_academic_eegimaa-5	33	,	39.0
GUM_academic_eegimaa-5	34	Simons	25.0
GUM_academic_eegimaa-5	35	,	39.0
GUM_academic_eegimaa-5	36	&	37.0
GUM_academic_eegimaa-5	37	Fennig	25.0
GUM_academic_eegimaa-5	38	,	39.0
GUM_academic_eegimaa-5	39	2014	27.0
GUM_academic_eegimaa-5	40	)	41.0
GUM_academic_eegimaa-5	41	.	
GUM_academic_eegimaa-6	1	Jóola	2.0
GUM_academic_eegimaa-6	2	language	23.0
GUM_academic_eegimaa-6	3	be	4.0
GUM_academic_eegimaa-6	4	classify	5.0
GUM_academic_eegimaa-6	5	as	6.0
GUM_academic_eegimaa-6	6	member	7.0
GUM_academic_eegimaa-6	7	of	19.0
GUM_academic_eegimaa-6	8	Sapir	9.0
GUM_academic_eegimaa-6	9	's	10.0
GUM_academic_eegimaa-6	10	(	11.0
GUM_academic_eegimaa-6	11	1971	12.0
GUM_academic_eegimaa-6	12	)	13.0
GUM_academic_eegimaa-6	13	Bak	14.0
GUM_academic_eegimaa-6	14	group	7.0
GUM_academic_eegimaa-6	15	of	19.0
GUM_academic_eegimaa-6	16	Atlantic	2.0
GUM_academic_eegimaa-6	17	language	23.0
GUM_academic_eegimaa-6	18	of	19.0
GUM_academic_eegimaa-6	19	the	20.0
GUM_academic_eegimaa-6	20	Niger	21.0
GUM_academic_eegimaa-6	21	Congo	2.0
GUM_academic_eegimaa-6	22	language	23.0
GUM_academic_eegimaa-6	23	phylum	24.0
GUM_academic_eegimaa-6	24	.	
GUM_academic_eegimaa-7	1	speaker	2.0
GUM_academic_eegimaa-7	2	of	17.0
GUM_academic_eegimaa-7	3	this	4.0
GUM_academic_eegimaa-7	4	language	5.0
GUM_academic_eegimaa-7	5	be	6.0
GUM_academic_eegimaa-7	6	find	7.0
GUM_academic_eegimaa-7	7	in	21.0
GUM_academic_eegimaa-7	8	the	13.0
GUM_academic_eegimaa-7	9	Gambia	10.0
GUM_academic_eegimaa-7	10	,	7.0
GUM_academic_eegimaa-7	11	in	21.0
GUM_academic_eegimaa-7	12	the	13.0
GUM_academic_eegimaa-7	13	former	14.0
GUM_academic_eegimaa-7	14	Casamance	15.0
GUM_academic_eegimaa-7	15	region	2.0
GUM_academic_eegimaa-7	16	of	17.0
GUM_academic_eegimaa-7	17	Southern	18.0
GUM_academic_eegimaa-7	18	Senegal	19.0
GUM_academic_eegimaa-7	19	and	7.0
GUM_academic_eegimaa-7	20	in	21.0
GUM_academic_eegimaa-7	21	Guinea	22.0
GUM_academic_eegimaa-7	22	Bissau	23.0
GUM_academic_eegimaa-7	23	.	
GUM_academic_eegimaa-8	1	the	13.0
GUM_academic_eegimaa-8	2	map	3.0
GUM_academic_eegimaa-8	3	in	4.0
GUM_academic_eegimaa-8	4	Figure	5.0
GUM_academic_eegimaa-8	5	1	6.0
GUM_academic_eegimaa-8	6	,	11.0
GUM_academic_eegimaa-8	7	take	8.0
GUM_academic_eegimaa-8	8	from	9.0
GUM_academic_eegimaa-8	9	Ethnologue	6.0
GUM_academic_eegimaa-8	10	,	11.0
GUM_academic_eegimaa-8	11	present	1.0
GUM_academic_eegimaa-8	12	the	13.0
GUM_academic_eegimaa-8	13	language	14.0
GUM_academic_eegimaa-8	14	of	15.0
GUM_academic_eegimaa-8	15	Senegal	16.0
GUM_academic_eegimaa-8	16	.	
GUM_academic_eegimaa-9	1	the	16.0
GUM_academic_eegimaa-9	2	arrow	3.0
GUM_academic_eegimaa-9	3	on	1.0
GUM_academic_eegimaa-9	4	the	16.0
GUM_academic_eegimaa-9	5	map	6.0
GUM_academic_eegimaa-9	6	point	7.0
GUM_academic_eegimaa-9	7	to	1.0
GUM_academic_eegimaa-9	8	the	16.0
GUM_academic_eegimaa-9	9	Eegimaa	22.0
GUM_academic_eegimaa-9	10	speak	11.0
GUM_academic_eegimaa-9	11	area	12.0
GUM_academic_eegimaa-9	12	(	13.0
GUM_academic_eegimaa-9	13	Bandial	14.0
GUM_academic_eegimaa-9	14	be	1.0
GUM_academic_eegimaa-9	15	the	16.0
GUM_academic_eegimaa-9	16	name	17.0
GUM_academic_eegimaa-9	17	use	18.0
GUM_academic_eegimaa-9	18	by	19.0
GUM_academic_eegimaa-9	19	Ethnologue	20.0
GUM_academic_eegimaa-9	20	for	9.0
GUM_academic_eegimaa-9	21	Eegimaa	22.0
GUM_academic_eegimaa-9	22	)	23.0
GUM_academic_eegimaa-9	23	.	
GUM_bio_dvorak-1	1	Antonín	2.0
GUM_bio_dvorak-1	2	Dvořák	
GUM_bio_dvorak-10	1	in	2.0
GUM_bio_dvorak-10	2	1874	3.0
GUM_bio_dvorak-10	3	he	4.0
GUM_bio_dvorak-10	4	make	5.0
GUM_bio_dvorak-10	5	a	6.0
GUM_bio_dvorak-10	6	submission	7.0
GUM_bio_dvorak-10	7	to	8.0
GUM_bio_dvorak-10	8	the	9.0
GUM_bio_dvorak-10	9	Austrian	10.0
GUM_bio_dvorak-10	10	State	11.0
GUM_bio_dvorak-10	11	Prize	12.0
GUM_bio_dvorak-10	12	for	13.0
GUM_bio_dvorak-10	13	Composition	14.0
GUM_bio_dvorak-10	14	,	15.0
GUM_bio_dvorak-10	15	include	16.0
GUM_bio_dvorak-10	16	score	17.0
GUM_bio_dvorak-10	17	of	18.0
GUM_bio_dvorak-10	18	two	19.0
GUM_bio_dvorak-10	19	further	20.0
GUM_bio_dvorak-10	20	symphony	21.0
GUM_bio_dvorak-10	21	and	22.0
GUM_bio_dvorak-10	22	other	23.0
GUM_bio_dvorak-10	23	work	24.0
GUM_bio_dvorak-10	24	.	
GUM_bio_dvorak-2	1	Antonín	2.0
GUM_bio_dvorak-2	2	Leopold	3.0
GUM_bio_dvorak-2	3	Dvořák	4.0
GUM_bio_dvorak-2	4	(	5.0
GUM_bio_dvorak-2	5	/	10.0
GUM_bio_dvorak-2	6	d(ə)ˈvɔːrʒɑːk	7.0
GUM_bio_dvorak-2	7	,	8.0
GUM_bio_dvorak-2	8	-ʒæk	5.0
GUM_bio_dvorak-2	9	/	10.0
GUM_bio_dvorak-2	10	d(ə)-VOR-zha(h)k	11.0
GUM_bio_dvorak-2	11	;	20.0
GUM_bio_dvorak-2	12	Czech	31.0
GUM_bio_dvorak-2	13	:	14.0
GUM_bio_dvorak-2	14	[	15.0
GUM_bio_dvorak-2	15	ˈantoɲiːn	16.0
GUM_bio_dvorak-2	16	ˈlɛopolt	17.0
GUM_bio_dvorak-2	17	ˈdvor̝aːk	18.0
GUM_bio_dvorak-2	18	]	11.0
GUM_bio_dvorak-2	19	;	20.0
GUM_bio_dvorak-2	20	8	21.0
GUM_bio_dvorak-2	21	September	22.0
GUM_bio_dvorak-2	22	1841	23.0
GUM_bio_dvorak-2	23	-	24.0
GUM_bio_dvorak-2	24	1	25.0
GUM_bio_dvorak-2	25	May	26.0
GUM_bio_dvorak-2	26	1904	27.0
GUM_bio_dvorak-2	27	)	28.0
GUM_bio_dvorak-2	28	be	29.0
GUM_bio_dvorak-2	29	a	12.0
GUM_bio_dvorak-2	30	Czech	31.0
GUM_bio_dvorak-2	31	composer	32.0
GUM_bio_dvorak-2	32	.	
GUM_bio_dvorak-3	1	after	2.0
GUM_bio_dvorak-3	2	Bedřich	3.0
GUM_bio_dvorak-3	3	Smetana	4.0
GUM_bio_dvorak-3	4	,	5.0
GUM_bio_dvorak-3	5	he	6.0
GUM_bio_dvorak-3	6	be	7.0
GUM_bio_dvorak-3	7	the	8.0
GUM_bio_dvorak-3	8	next	9.0
GUM_bio_dvorak-3	9	Czech	10.0
GUM_bio_dvorak-3	10	Romantic	11.0
GUM_bio_dvorak-3	11	-	12.0
GUM_bio_dvorak-3	12	era	13.0
GUM_bio_dvorak-3	13	composer	14.0
GUM_bio_dvorak-3	14	to	15.0
GUM_bio_dvorak-3	15	achieve	16.0
GUM_bio_dvorak-3	16	worldwide	17.0
GUM_bio_dvorak-3	17	recognition	18.0
GUM_bio_dvorak-3	18	.	
GUM_bio_dvorak-4	1	follow	2.0
GUM_bio_dvorak-4	2	Smetana	3.0
GUM_bio_dvorak-4	3	's	4.0
GUM_bio_dvorak-4	4	nationalist	5.0
GUM_bio_dvorak-4	5	example	6.0
GUM_bio_dvorak-4	6	,	15.0
GUM_bio_dvorak-4	7	Dvořák	8.0
GUM_bio_dvorak-4	8	frequently	9.0
GUM_bio_dvorak-4	9	employ	10.0
GUM_bio_dvorak-4	10	aspect	6.0
GUM_bio_dvorak-4	11	,	15.0
GUM_bio_dvorak-4	12	specifically	13.0
GUM_bio_dvorak-4	13	rhythm	6.0
GUM_bio_dvorak-4	14	,	15.0
GUM_bio_dvorak-4	15	of	20.0
GUM_bio_dvorak-4	16	the	17.0
GUM_bio_dvorak-4	17	folk	18.0
GUM_bio_dvorak-4	18	music	15.0
GUM_bio_dvorak-4	19	of	20.0
GUM_bio_dvorak-4	20	Moravia	21.0
GUM_bio_dvorak-4	21	and	22.0
GUM_bio_dvorak-4	22	his	23.0
GUM_bio_dvorak-4	23	native	24.0
GUM_bio_dvorak-4	24	Bohemia	25.0
GUM_bio_dvorak-4	25	.	
GUM_bio_dvorak-5	1	Dvořák	2.0
GUM_bio_dvorak-5	2	's	3.0
GUM_bio_dvorak-5	3	own	4.0
GUM_bio_dvorak-5	4	style	5.0
GUM_bio_dvorak-5	5	have	6.0
GUM_bio_dvorak-5	6	be	7.0
GUM_bio_dvorak-5	7	describe	8.0
GUM_bio_dvorak-5	8	as	9.0
GUM_bio_dvorak-5	9	''	35.0
GUM_bio_dvorak-5	10	the	21.0
GUM_bio_dvorak-5	11	full	12.0
GUM_bio_dvorak-5	12	recreation	13.0
GUM_bio_dvorak-5	13	of	32.0
GUM_bio_dvorak-5	14	a	15.0
GUM_bio_dvorak-5	15	national	16.0
GUM_bio_dvorak-5	16	idiom	17.0
GUM_bio_dvorak-5	17	with	18.0
GUM_bio_dvorak-5	18	that	13.0
GUM_bio_dvorak-5	19	of	32.0
GUM_bio_dvorak-5	20	the	21.0
GUM_bio_dvorak-5	21	symphonic	22.0
GUM_bio_dvorak-5	22	tradition	23.0
GUM_bio_dvorak-5	23	,	24.0
GUM_bio_dvorak-5	24	absorb	25.0
GUM_bio_dvorak-5	25	folk	26.0
GUM_bio_dvorak-5	26	influence	27.0
GUM_bio_dvorak-5	27	and	28.0
GUM_bio_dvorak-5	28	find	29.0
GUM_bio_dvorak-5	29	effective	30.0
GUM_bio_dvorak-5	30	way	13.0
GUM_bio_dvorak-5	31	of	32.0
GUM_bio_dvorak-5	32	use	33.0
GUM_bio_dvorak-5	33	they	9.0
GUM_bio_dvorak-5	34	''	35.0
GUM_bio_dvorak-5	35	.	36.0
GUM_bio_dvorak-5	36	[	37.0
GUM_bio_dvorak-5	37	1	38.0
GUM_bio_dvorak-5	38	]	
GUM_bio_dvorak-6	1	Antonín	2.0
GUM_bio_dvorak-6	2	Dvořák	
GUM_bio_dvorak-7	1	Dvořák	2.0
GUM_bio_dvorak-7	2	display	3.0
GUM_bio_dvorak-7	3	his	4.0
GUM_bio_dvorak-7	4	musical	5.0
GUM_bio_dvorak-7	5	gift	6.0
GUM_bio_dvorak-7	6	at	7.0
GUM_bio_dvorak-7	7	a	13.0
GUM_bio_dvorak-7	8	early	9.0
GUM_bio_dvorak-7	9	age	18.0
GUM_bio_dvorak-7	10	,	11.0
GUM_bio_dvorak-7	11	be	7.0
GUM_bio_dvorak-7	12	a	13.0
GUM_bio_dvorak-7	13	apt	14.0
GUM_bio_dvorak-7	14	violin	15.0
GUM_bio_dvorak-7	15	student	16.0
GUM_bio_dvorak-7	16	from	9.0
GUM_bio_dvorak-7	17	age	18.0
GUM_bio_dvorak-7	18	six	19.0
GUM_bio_dvorak-7	19	.	
GUM_bio_dvorak-8	1	the	2.0
GUM_bio_dvorak-8	2	first	3.0
GUM_bio_dvorak-8	3	public	4.0
GUM_bio_dvorak-8	4	performance	5.0
GUM_bio_dvorak-8	5	of	6.0
GUM_bio_dvorak-8	6	his	7.0
GUM_bio_dvorak-8	7	work	8.0
GUM_bio_dvorak-8	8	be	25.0
GUM_bio_dvorak-8	9	in	20.0
GUM_bio_dvorak-8	10	Prague	9.0
GUM_bio_dvorak-8	11	in	20.0
GUM_bio_dvorak-8	12	1872	13.0
GUM_bio_dvorak-8	13	and	14.0
GUM_bio_dvorak-8	14	,	22.0
GUM_bio_dvorak-8	15	with	16.0
GUM_bio_dvorak-8	16	special	17.0
GUM_bio_dvorak-8	17	success	14.0
GUM_bio_dvorak-8	18	,	22.0
GUM_bio_dvorak-8	19	in	20.0
GUM_bio_dvorak-8	20	1873	14.0
GUM_bio_dvorak-8	21	,	22.0
GUM_bio_dvorak-8	22	when	23.0
GUM_bio_dvorak-8	23	he	8.0
GUM_bio_dvorak-8	24	be	25.0
GUM_bio_dvorak-8	25	aged	26.0
GUM_bio_dvorak-8	26	31	27.0
GUM_bio_dvorak-8	27	.	
GUM_bio_dvorak-9	1	seek	2.0
GUM_bio_dvorak-9	2	recognition	3.0
GUM_bio_dvorak-9	3	beyond	4.0
GUM_bio_dvorak-9	4	the	30.0
GUM_bio_dvorak-9	5	Prague	6.0
GUM_bio_dvorak-9	6	area	7.0
GUM_bio_dvorak-9	7	,	28.0
GUM_bio_dvorak-9	8	he	9.0
GUM_bio_dvorak-9	9	submit	10.0
GUM_bio_dvorak-9	10	a	18.0
GUM_bio_dvorak-9	11	score	12.0
GUM_bio_dvorak-9	12	of	13.0
GUM_bio_dvorak-9	13	his	14.0
GUM_bio_dvorak-9	14	First	15.0
GUM_bio_dvorak-9	15	Symphony	16.0
GUM_bio_dvorak-9	16	to	10.0
GUM_bio_dvorak-9	17	a	18.0
GUM_bio_dvorak-9	18	prize	19.0
GUM_bio_dvorak-9	19	competition	20.0
GUM_bio_dvorak-9	20	in	21.0
GUM_bio_dvorak-9	21	Germany	7.0
GUM_bio_dvorak-9	22	,	28.0
GUM_bio_dvorak-9	23	but	24.0
GUM_bio_dvorak-9	24	do	25.0
GUM_bio_dvorak-9	25	not	26.0
GUM_bio_dvorak-9	26	win	7.0
GUM_bio_dvorak-9	27	,	28.0
GUM_bio_dvorak-9	28	and	4.0
GUM_bio_dvorak-9	29	the	30.0
GUM_bio_dvorak-9	30	unreturned	31.0
GUM_bio_dvorak-9	31	manuscript	32.0
GUM_bio_dvorak-9	32	be	33.0
GUM_bio_dvorak-9	33	lose	34.0
GUM_bio_dvorak-9	34	until	35.0
GUM_bio_dvorak-9	35	rediscover	36.0
GUM_bio_dvorak-9	36	many	37.0
GUM_bio_dvorak-9	37	decade	38.0
GUM_bio_dvorak-9	38	late	39.0
GUM_bio_dvorak-9	39	.	
